
     Program PWSCF v.7.3.1 starts on  2Jul2025 at  9:52: 8 
        Git branch: HEAD
        Last git commit: 7fd60c9bc9fe7a7d1fe6f1049f4afba0eab9aeef-dirty
        Last git commit date: Thu Feb 29 10:18:05 2024 +0000
        Last git commit subject: Merge branch 'master_qe_7.3.1' into 'master'

     This program is part of the open-source Quantum ESPRESSO suite
     for quantum simulation of materials; please cite
         "P. Giannozzi et al., J. Phys.:Condens. Matter 21 395502 (2009);
         "P. Giannozzi et al., J. Phys.:Condens. Matter 29 465901 (2017);
         "P. Giannozzi et al., J. Chem. Phys. 152 154105 (2020);
          URL http://www.quantum-espresso.org", 
     in publications or presentations arising from this work. More details at
     http://www.quantum-espresso.org/quote

     Parallel version (MPI & OpenMP), running on    1024 processor cores
     Number of MPI processes:                 4
     Threads/MPI process:                   256

     MPI processes distributed on     4 nodes
     489623 MiB available memory on the printing compute node when the environment starts

     Reading input from qe_Pt3Ni.in

     Current dimensions of program PWSCF are:
     Max number of different atomic species (ntypx) = 10
     Max number of k-points (npk) =  40000
     Max angular momentum in pseudopotentials (lmaxx) =  4

     gamma-point specific algorithms are used

     R & G space division:  proc/nbgrp/npool/nimage =       4
     Subspace diagonalization in iterative solution of the eigenvalue problem:
     a serial algorithm will be used


     Parallelization info
     --------------------
     sticks:   dense  smooth     PW     G-vecs:    dense   smooth      PW
     Min       51570   51570  12893             17617706 17617706 2202233
     Max       51572   51572  12896             17617716 17617716 2202244
     Sum      206285  206285  51577             70470853 70470853 8808945

     Using Slab Decomposition



     bravais-lattice index     =            1
     lattice parameter (alat)  =      60.0000  a.u.
     unit-cell volume          =  216000.0000 (a.u.)^3
     number of atoms/cell      =            4
     number of atomic types    =            2
     number of electrons       =        72.00
     number of Kohn-Sham states=           50
     kinetic-energy cutoff     =     180.0000  Ry
     charge density cutoff     =     720.0000  Ry
     scf convergence threshold =      1.0E-10
     mixing beta               =       0.1000
     number of iterations used =            8  plain     mixing
     Exchange-correlation= PBE
                           (   1   4   3   4   0   0   0)
     Hubbard projectors: atomic
     Hubbard parameters of DFT+U (Dudarev formulation) in eV:
     U(Ni-3d) =  1.0000
     U(Pt-5d) =  3.0000

     Internal variables: lda_plus_u =T, lda_plus_u_kind = 0

     celldm(1)=  60.000000  celldm(2)=   0.000000  celldm(3)=   0.000000
     celldm(4)=   0.000000  celldm(5)=   0.000000  celldm(6)=   0.000000

     crystal axes: (cart. coord. in units of alat)
               a(1) = (   1.000000   0.000000   0.000000 )  
               a(2) = (   0.000000   1.000000   0.000000 )  
               a(3) = (   0.000000   0.000000   1.000000 )  

     reciprocal axes: (cart. coord. in units 2 pi/alat)
               b(1) = (  1.000000  0.000000  0.000000 )  
               b(2) = (  0.000000  1.000000  0.000000 )  
               b(3) = (  0.000000  0.000000  1.000000 )  


     PseudoPot. # 1 for Ni read from file:
     ./Ni.upf
     MD5 check sum: 2b0a79d100e227970886d6963e34175b
     Pseudo is Norm-conserving + core correction, Zval = 18.0
     Generated using ONCVPSP code by D. R. Hamann
     Using radial grid of 1372 points,  6 beta functions with: 
                l(1) =   0
                l(2) =   0
                l(3) =   1
                l(4) =   1
                l(5) =   2
                l(6) =   2

     PseudoPot. # 2 for Pt read from file:
     ./Pt.upf
     MD5 check sum: 3caa314b32314335c676ebce8d0bd64e
     Pseudo is Norm-conserving + core correction, Zval = 18.0
     Generated using ONCVPSP code by D. R. Hamann
     Using radial grid of 1374 points,  8 beta functions with: 
                l(1) =   0
                l(2) =   0
                l(3) =   1
                l(4) =   1
                l(5) =   2
                l(6) =   2
                l(7) =   3
                l(8) =   3

     atomic species   valence    mass     pseudopotential
     Ni               18.00    58.00000     Ni( 1.00)
     Pt               18.00   195.00000     Pt( 1.00)

     Starting magnetic structure 
     atomic species   magnetization
     Ni              0.200
     Pt              0.200

      6 Sym. Ops. (no inversion) found


                                    s                        frac. trans.

      isym =  1     identity                                     

 cryst.   s( 1) = (     1          0          0      )
                  (     0          1          0      )
                  (     0          0          1      )

 cart.    s( 1) = (  1.0000000  0.0000000  0.0000000 )
                  (  0.0000000  1.0000000  0.0000000 )
                  (  0.0000000  0.0000000  1.0000000 )


      isym =  2     120 deg rotation - cart. axis [-1,-1,-1]     

 cryst.   s( 2) = (     0          0          1      )
                  (     1          0          0      )
                  (     0          1          0      )

 cart.    s( 2) = (  0.0000000  1.0000000  0.0000000 )
                  (  0.0000000  0.0000000  1.0000000 )
                  (  1.0000000  0.0000000  0.0000000 )


      isym =  3     120 deg rotation - cart. axis [1,1,1]        

 cryst.   s( 3) = (     0          1          0      )
                  (     0          0          1      )
                  (     1          0          0      )

 cart.    s( 3) = (  0.0000000  0.0000000  1.0000000 )
                  (  1.0000000  0.0000000  0.0000000 )
                  (  0.0000000  1.0000000  0.0000000 )


      isym =  4     inv. 180 deg rotation - cart. axis [1,-1,0]  

 cryst.   s( 4) = (     0          1          0      )
                  (     1          0          0      )
                  (     0          0          1      )

 cart.    s( 4) = (  0.0000000  1.0000000  0.0000000 )
                  (  1.0000000  0.0000000  0.0000000 )
                  (  0.0000000  0.0000000  1.0000000 )


      isym =  5     inv. 180 deg rotation - cart. axis [-1,0,1]  

 cryst.   s( 5) = (     0          0          1      )
                  (     0          1          0      )
                  (     1          0          0      )

 cart.    s( 5) = (  0.0000000  0.0000000  1.0000000 )
                  (  0.0000000  1.0000000  0.0000000 )
                  (  1.0000000  0.0000000  0.0000000 )


      isym =  6     inv. 180 deg rotation - cart. axis [0,1,-1]  

 cryst.   s( 6) = (     1          0          0      )
                  (     0          0          1      )
                  (     0          1          0      )

 cart.    s( 6) = (  1.0000000  0.0000000  0.0000000 )
                  (  0.0000000  0.0000000  1.0000000 )
                  (  0.0000000  1.0000000  0.0000000 )


     point group C_3v (3m)  
     there are  3 classes
     the character table:

       E     2C3   3s_v 
A_1    1.00  1.00  1.00
A_2    1.00  1.00 -1.00
E      2.00 -1.00  0.00

     the symmetry operations in each class and the name of the first element:

     E        1
          identity                                               
     2C3      2    3
          120 deg rotation - cart. axis [-1,-1,-1]               
     3s_v     4    5    6
          inv. 180 deg rotation - cart. axis [1,-1,0]            

   Cartesian axes

     site n.     atom                  positions (alat units)
         1        Ni     tau(   1) = (   0.0000000   0.0000000   0.0000000  )
         2        Pt     tau(   2) = (   0.0600000   0.0600000   0.0000000  )
         3        Pt     tau(   3) = (   0.0000000   0.0600000   0.0600000  )
         4        Pt     tau(   4) = (   0.0600000   0.0000000   0.0600000  )

   Crystallographic axes

     site n.     atom                  positions (cryst. coord.)
         1        Ni     tau(   1) = (  0.0000000  0.0000000  0.0000000  )
         2        Pt     tau(   2) = (  0.0600000  0.0600000  0.0000000  )
         3        Pt     tau(   3) = (  0.0000000  0.0600000  0.0600000  )
         4        Pt     tau(   4) = (  0.0600000  0.0000000  0.0600000  )

     number of k points=     1  Fermi-Dirac smearing, width (Ry)=  0.0127
                       cart. coord. in units 2pi/alat
        k(    1) = (   0.0000000   0.0000000   0.0000000), wk =   1.0000000

                       cryst. coord.
        k(    1) = (   0.0000000   0.0000000   0.0000000), wk =   1.0000000

     Dense  grid: 35235427 G-vectors     FFT dimensions: ( 540, 540, 540)

     Dynamical RAM for                 wfc:     840.06 MB

     Dynamical RAM for     wfc (w. buffer):    2520.19 MB

     Dynamical RAM for             U proj.:     336.02 MB

     Dynamical RAM for  U proj. (w. buff.):    1008.07 MB

     Dynamical RAM for           str. fact:     268.83 MB

     Dynamical RAM for           local pot:       0.00 MB

     Dynamical RAM for          nlocal pot:    1915.34 MB

     Dynamical RAM for                qrad:      10.33 MB

     Dynamical RAM for          rho,v,vnew:   -1487.49 MB

     Dynamical RAM for               rhoin:     869.50 MB

     Dynamical RAM for            rho*nmix:     205.20 MB

     Dynamical RAM for           G-vectors:     571.25 MB

     Dynamical RAM for          h,s,v(r/c):       0.23 MB

     Dynamical RAM for          <psi|beta>:       0.04 MB

     Dynamical RAM for                 psi:    1680.12 MB

     Dynamical RAM for                hpsi:    1680.12 MB

     Dynamical RAM for      wfcinit/wfcrot:    1680.18 MB

     Estimated static dynamical RAM per process >       7.70 GB

     Estimated max dynamical RAM per process >      11.18 GB

     Estimated total dynamical RAM >      44.71 GB
     Generating pointlists ...
     new r_m :   0.0350 (alat units)  2.1001 (a.u.) for type    1
     new r_m :   0.0350 (alat units)  2.1001 (a.u.) for type    2

     Initial potential from superposition of free atoms

     starting charge      71.9993, renormalised to      72.0000

     negative rho (up, down):  1.027E-04 6.848E-05

     HUBBARD ENERGY =    0.3087  (Ry)

     STARTING HUBBARD OCCUPATIONS:

     =================== HUBBARD OCCUPATIONS ===================
     ------------------------ ATOM    1 ------------------------
     Tr[ns(  1)] (up, down, total) =   5.00000  3.00000  8.00000
     Atomic magnetic moment for atom   1 =   2.00000
     SPIN  1
     eigenvalues:
       1.000  1.000  1.000  1.000  1.000
     eigenvectors (columns):
       1.000  0.000  0.000  0.000  0.000
       0.000  1.000  0.000  0.000  0.000
       0.000  0.000  1.000  0.000  0.000
       0.000  0.000  0.000  1.000  0.000
       0.000  0.000  0.000  0.000  1.000
     occupation matrix ns (before diag.):
       1.000  0.000  0.000  0.000  0.000
       0.000  1.000  0.000  0.000  0.000
       0.000  0.000  1.000  0.000  0.000
       0.000  0.000  0.000  1.000  0.000
       0.000  0.000  0.000  0.000  1.000
     SPIN  2
     eigenvalues:
       0.600  0.600  0.600  0.600  0.600
     eigenvectors (columns):
       1.000  0.000  0.000  0.000  0.000
       0.000  1.000  0.000  0.000  0.000
       0.000  0.000  1.000  0.000  0.000
       0.000  0.000  0.000  1.000  0.000
       0.000  0.000  0.000  0.000  1.000
     occupation matrix ns (before diag.):
       0.600  0.000  0.000  0.000  0.000
       0.000  0.600  0.000  0.000  0.000
       0.000  0.000  0.600  0.000  0.000
       0.000  0.000  0.000  0.600  0.000
       0.000  0.000  0.000  0.000  0.600
     ------------------------ ATOM    2 ------------------------
     Tr[ns(  2)] (up, down, total) =   5.00000  4.00000  9.00000
     Atomic magnetic moment for atom   2 =   1.00000
     SPIN  1
     eigenvalues:
       1.000  1.000  1.000  1.000  1.000
     eigenvectors (columns):
       1.000  0.000  0.000  0.000  0.000
       0.000  1.000  0.000  0.000  0.000
       0.000  0.000  1.000  0.000  0.000
       0.000  0.000  0.000  1.000  0.000
       0.000  0.000  0.000  0.000  1.000
     occupation matrix ns (before diag.):
       1.000  0.000  0.000  0.000  0.000
       0.000  1.000  0.000  0.000  0.000
       0.000  0.000  1.000  0.000  0.000
       0.000  0.000  0.000  1.000  0.000
       0.000  0.000  0.000  0.000  1.000
     SPIN  2
     eigenvalues:
       0.800  0.800  0.800  0.800  0.800
     eigenvectors (columns):
       1.000  0.000  0.000  0.000  0.000
       0.000  1.000  0.000  0.000  0.000
       0.000  0.000  1.000  0.000  0.000
       0.000  0.000  0.000  1.000  0.000
       0.000  0.000  0.000  0.000  1.000
     occupation matrix ns (before diag.):
       0.800  0.000  0.000  0.000  0.000
       0.000  0.800  0.000  0.000  0.000
       0.000  0.000  0.800  0.000  0.000
       0.000  0.000  0.000  0.800  0.000
       0.000  0.000  0.000  0.000  0.800
     ------------------------ ATOM    3 ------------------------
     Tr[ns(  3)] (up, down, total) =   5.00000  4.00000  9.00000
     Atomic magnetic moment for atom   3 =   1.00000
     SPIN  1
     eigenvalues:
       1.000  1.000  1.000  1.000  1.000
     eigenvectors (columns):
       1.000  0.000  0.000  0.000  0.000
       0.000  1.000  0.000  0.000  0.000
       0.000  0.000  1.000  0.000  0.000
       0.000  0.000  0.000  1.000  0.000
       0.000  0.000  0.000  0.000  1.000
     occupation matrix ns (before diag.):
       1.000  0.000  0.000  0.000  0.000
       0.000  1.000  0.000  0.000  0.000
       0.000  0.000  1.000  0.000  0.000
       0.000  0.000  0.000  1.000  0.000
       0.000  0.000  0.000  0.000  1.000
     SPIN  2
     eigenvalues:
       0.800  0.800  0.800  0.800  0.800
     eigenvectors (columns):
       1.000  0.000  0.000  0.000  0.000
       0.000  1.000  0.000  0.000  0.000
       0.000  0.000  1.000  0.000  0.000
       0.000  0.000  0.000  1.000  0.000
       0.000  0.000  0.000  0.000  1.000
     occupation matrix ns (before diag.):
       0.800  0.000  0.000  0.000  0.000
       0.000  0.800  0.000  0.000  0.000
       0.000  0.000  0.800  0.000  0.000
       0.000  0.000  0.000  0.800  0.000
       0.000  0.000  0.000  0.000  0.800
     ------------------------ ATOM    4 ------------------------
     Tr[ns(  4)] (up, down, total) =   5.00000  4.00000  9.00000
     Atomic magnetic moment for atom   4 =   1.00000
     SPIN  1
     eigenvalues:
       1.000  1.000  1.000  1.000  1.000
     eigenvectors (columns):
       1.000  0.000  0.000  0.000  0.000
       0.000  1.000  0.000  0.000  0.000
       0.000  0.000  1.000  0.000  0.000
       0.000  0.000  0.000  1.000  0.000
       0.000  0.000  0.000  0.000  1.000
     occupation matrix ns (before diag.):
       1.000  0.000  0.000  0.000  0.000
       0.000  1.000  0.000  0.000  0.000
       0.000  0.000  1.000  0.000  0.000
       0.000  0.000  0.000  1.000  0.000
       0.000  0.000  0.000  0.000  1.000
     SPIN  2
     eigenvalues:
       0.800  0.800  0.800  0.800  0.800
     eigenvectors (columns):
       1.000  0.000  0.000  0.000  0.000
       0.000  1.000  0.000  0.000  0.000
       0.000  0.000  1.000  0.000  0.000
       0.000  0.000  0.000  1.000  0.000
       0.000  0.000  0.000  0.000  1.000
     occupation matrix ns (before diag.):
       0.800  0.000  0.000  0.000  0.000
       0.000  0.800  0.000  0.000  0.000
       0.000  0.000  0.800  0.000  0.000
       0.000  0.000  0.000  0.800  0.000
       0.000  0.000  0.000  0.000  0.800

     Number of occupied Hubbard levels =   35.0000

     Atomic wfc used for Hubbard projectors are NOT orthogonalized

     Starting wfcs are random

     total cpu time spent up to now is       71.9 secs

     Self-consistent Calculation

     iteration #  1     ecut=   180.00 Ry     beta= 0.10
     Davidson diagonalization with overlap

---- Real-time Memory Report at c_bands before calling an iterative solver
         13053 MiB given to the printing process from OS
           327 MiB allocation reported by mallinfo(arena+hblkhd)
        478241 MiB available memory on the node where the printing process lives
------------------
     ethr =  1.00E-02,  avg # of iterations = 25.0

     =================== HUBBARD OCCUPATIONS ===================
     ------------------------ ATOM    1 ------------------------
     Tr[ns(  1)] (up, down, total) =   3.90782  2.84332  6.75113
     Atomic magnetic moment for atom   1 =   1.06450
     SPIN  1
     eigenvalues:
       0.500  0.500  0.955  0.955  0.998
     eigenvectors (columns):
       0.101 -0.987 -0.125  0.007  0.000
      -0.083 -0.060  0.364 -0.724 -0.577
       0.093 -0.042  0.444  0.677 -0.577
      -0.987 -0.101  0.007  0.125 -0.000
       0.010 -0.102  0.809 -0.046  0.577
     occupation matrix ns (before diag.):
       0.507 -0.023 -0.023  0.000 -0.046
      -0.023  0.964  0.017 -0.040 -0.017
      -0.023  0.017  0.964  0.040 -0.017
       0.000 -0.040  0.040  0.507 -0.000
      -0.046 -0.017 -0.017 -0.000  0.964
     SPIN  2
     eigenvalues:
       0.149  0.149  0.789  0.789  0.968
     eigenvectors (columns):
      -0.254 -0.848  0.434  0.170  0.000
      -0.370 -0.088 -0.108 -0.714 -0.577
       0.261 -0.277 -0.565  0.451 -0.577
      -0.848  0.254 -0.170  0.434 -0.000
      -0.109 -0.364 -0.673 -0.263  0.577
     occupation matrix ns (before diag.):
       0.288 -0.108 -0.108  0.000 -0.215
      -0.108  0.756  0.106 -0.186 -0.106
      -0.108  0.106  0.756  0.186 -0.106
       0.000 -0.186  0.186  0.288 -0.000
      -0.215 -0.106 -0.106 -0.000  0.756
     ------------------------ ATOM    2 ------------------------
     Tr[ns(  2)] (up, down, total) =   4.70266  4.05680  8.75946
     Atomic magnetic moment for atom   2 =   0.64586
     SPIN  1
     eigenvalues:
       0.766  0.964  0.989  0.989  0.995
     eigenvectors (columns):
       0.000  0.979 -0.000 -0.171  0.112
       0.371  0.045  0.602 -0.186 -0.681
      -0.371  0.045 -0.602 -0.186 -0.681
      -0.851  0.000  0.524 -0.000 -0.000
      -0.000  0.194  0.000  0.949 -0.247
     occupation matrix ns (before diag.):
       0.965 -0.002 -0.002  0.000 -0.005
      -0.002  0.961  0.033  0.071  0.001
      -0.002  0.033  0.961 -0.071  0.001
       0.000  0.071 -0.071  0.827 -0.000
      -0.005  0.001  0.001 -0.000  0.989
     SPIN  2
     eigenvalues:
       0.676  0.709  0.805  0.902  0.965
     eigenvectors (columns):
      -0.000  0.000  0.474  0.851  0.225
      -0.536 -0.461  0.017 -0.189  0.681
       0.536  0.461  0.017 -0.189  0.681
       0.652 -0.758  0.000 -0.000  0.000
       0.000 -0.000 -0.880  0.452  0.147
     occupation matrix ns (before diag.):
       0.883  0.009  0.009  0.000  0.042
       0.009  0.825  0.135  0.012  0.008
       0.009  0.135  0.825 -0.012  0.008
       0.000  0.012 -0.012  0.695 -0.000
       0.042  0.008  0.008 -0.000  0.829
     ------------------------ ATOM    3 ------------------------
     Tr[ns(  3)] (up, down, total) =   4.70266  4.05680  8.75946
     Atomic magnetic moment for atom   3 =   0.64586
     SPIN  1
     eigenvalues:
       0.766  0.964  0.989  0.989  0.995
     eigenvectors (columns):
       0.737 -0.489 -0.454 -0.085 -0.056
      -0.371  0.045 -0.602  0.186 -0.681
      -0.000 -0.194  0.000  0.949  0.247
       0.426  0.848 -0.262  0.148  0.097
      -0.371 -0.045 -0.602 -0.186  0.681
     occupation matrix ns (before diag.):
       0.862  0.062 -0.003 -0.060  0.060
       0.062  0.961 -0.001  0.034 -0.033
      -0.003 -0.001  0.989  0.004  0.001
      -0.060  0.034  0.004  0.930  0.037
       0.060 -0.033  0.001  0.037  0.961
     SPIN  2
     eigenvalues:
       0.676  0.709  0.805  0.902  0.965
     eigenvectors (columns):
       0.565 -0.657 -0.237  0.426 -0.112
      -0.536 -0.461  0.017  0.189  0.681
      -0.000  0.000  0.880  0.452 -0.147
       0.326 -0.379  0.411 -0.737  0.195
      -0.536 -0.461 -0.017 -0.189 -0.681
     occupation matrix ns (before diag.):
       0.742  0.006  0.021 -0.082  0.014
       0.006  0.825 -0.008  0.013 -0.135
       0.021 -0.008  0.829 -0.037  0.008
      -0.082  0.013 -0.037  0.836 -0.002
       0.014 -0.135  0.008 -0.002  0.825
     ------------------------ ATOM    4 ------------------------
     Tr[ns(  4)] (up, down, total) =   4.70266  4.05680  8.75946
     Atomic magnetic moment for atom   4 =   0.64586
     SPIN  1
     eigenvalues:
       0.766  0.964  0.989  0.989  0.995
     eigenvectors (columns):
      -0.737  0.489  0.454  0.085 -0.056
      -0.000  0.194  0.000 -0.949  0.247
       0.371 -0.045  0.602 -0.186 -0.681
       0.426  0.848 -0.262  0.148 -0.097
       0.371  0.045  0.602  0.186  0.681
     occupation matrix ns (before diag.):
       0.862 -0.003  0.062  0.060  0.060
      -0.003  0.989 -0.001 -0.004  0.001
       0.062 -0.001  0.961 -0.034 -0.033
       0.060 -0.004 -0.034  0.930 -0.037
       0.060  0.001 -0.033 -0.037  0.961
     SPIN  2
     eigenvalues:
       0.676  0.709  0.805  0.902  0.965
     eigenvectors (columns):
      -0.565  0.657  0.237 -0.426 -0.112
      -0.000  0.000 -0.880 -0.452 -0.147
       0.536  0.461 -0.017 -0.189  0.681
       0.326 -0.379  0.411 -0.737 -0.195
       0.536  0.461  0.017  0.189 -0.681
     occupation matrix ns (before diag.):
       0.742  0.021  0.006  0.082  0.014
       0.021  0.829 -0.008  0.037  0.008
       0.006 -0.008  0.825 -0.013 -0.135
       0.082  0.037 -0.013  0.836  0.002
       0.014  0.008 -0.135  0.002  0.825

     Number of occupied Hubbard levels =   33.0295

     negative rho (up, down):  4.892E-05 6.246E-06

     HUBBARD ENERGY =    0.3571  (Ry)

     total cpu time spent up to now is      576.2 secs

     total energy              =   -1116.55217964 Ry
     estimated scf accuracy    <       2.12232021 Ry

     total magnetization       =     3.99 Bohr mag/cell
     absolute magnetization    =     4.20 Bohr mag/cell

     iteration #  2     ecut=   180.00 Ry     beta= 0.10
     Davidson diagonalization with overlap

---- Real-time Memory Report at c_bands before calling an iterative solver
         21399 MiB given to the printing process from OS
           865 MiB allocation reported by mallinfo(arena+hblkhd)
        478164 MiB available memory on the node where the printing process lives
------------------
     ethr =  2.95E-03,  avg # of iterations = 10.0

     =================== HUBBARD OCCUPATIONS ===================
     ------------------------ ATOM    1 ------------------------
     Tr[ns(  1)] (up, down, total) =   4.99178  4.99250  9.98428
     Atomic magnetic moment for atom   1 =  -0.00072
     SPIN  1
     eigenvalues:
       0.998  0.998  0.998  0.998  0.999
     eigenvectors (columns):
       0.365 -0.722  0.512 -0.288  0.000
       0.479 -0.026 -0.007  0.661 -0.577
      -0.262 -0.402 -0.569 -0.337 -0.577
       0.722  0.365 -0.288 -0.512 -0.000
       0.217 -0.428 -0.576  0.324  0.577
     occupation matrix ns (before diag.):
       0.998 -0.000 -0.000  0.000 -0.000
      -0.000  0.998  0.000 -0.000 -0.000
      -0.000  0.000  0.998  0.000 -0.000
       0.000 -0.000  0.000  0.998 -0.000
      -0.000 -0.000 -0.000 -0.000  0.998
     SPIN  2
     eigenvalues:
       0.997  0.997  0.999  1.000  1.000
     eigenvectors (columns):
      -0.410 -0.149 -0.000 -0.256 -0.862
       0.128  0.723  0.577 -0.347 -0.083
       0.562 -0.473  0.577  0.245 -0.259
       0.149 -0.410 -0.000 -0.862  0.256
       0.690  0.251 -0.577 -0.101 -0.342
     occupation matrix ns (before diag.):
       0.999  0.000  0.000  0.000  0.001
       0.000  0.998  0.000  0.001 -0.000
       0.000  0.000  0.998 -0.001 -0.000
       0.000  0.001 -0.001  0.999 -0.000
       0.001 -0.000 -0.000 -0.000  0.998
     ------------------------ ATOM    2 ------------------------
     Tr[ns(  2)] (up, down, total) =   4.91599  4.14445  9.06044
     Atomic magnetic moment for atom   2 =   0.77154
     SPIN  1
     eigenvalues:
       0.962  0.969  0.990  0.997  0.998
     eigenvectors (columns):
      -0.502 -0.000  0.236  0.000 -0.832
      -0.525 -0.475 -0.431 -0.524  0.195
      -0.525  0.475 -0.431  0.524  0.195
       0.000 -0.741 -0.000  0.671  0.000
       0.442  0.000 -0.757 -0.000 -0.481
     occupation matrix ns (before diag.):
       0.988 -0.009 -0.009  0.000  0.009
      -0.009  0.980 -0.005 -0.010  0.006
      -0.009 -0.005  0.980  0.010  0.006
       0.000 -0.010  0.010  0.982 -0.000
       0.009  0.006  0.006 -0.000  0.987
     SPIN  2
     eigenvalues:
       0.647  0.743  0.849  0.937  0.968
     eigenvectors (columns):
       0.000 -0.000  0.763 -0.047 -0.645
      -0.571 -0.417  0.051 -0.696  0.111
       0.571  0.417  0.051 -0.696  0.111
      -0.590  0.808  0.000 -0.000  0.000
      -0.000  0.000 -0.643 -0.167 -0.748
     occupation matrix ns (before diag.):
       0.899 -0.006 -0.006  0.000  0.058
      -0.006  0.809  0.128 -0.032  0.000
      -0.006  0.128  0.809  0.032  0.000
       0.000 -0.032  0.032  0.710 -0.000
       0.058  0.000  0.000 -0.000  0.918
     ------------------------ ATOM    3 ------------------------
     Tr[ns(  3)] (up, down, total) =   4.91599  4.14445  9.06044
     Atomic magnetic moment for atom   3 =   0.77154
     SPIN  1
     eigenvalues:
       0.962  0.969  0.990  0.997  0.998
     eigenvectors (columns):
      -0.251 -0.642 -0.118  0.581  0.416
       0.525 -0.475 -0.431 -0.524  0.195
       0.442  0.000  0.757  0.000  0.481
       0.435 -0.371  0.204  0.336 -0.721
      -0.525 -0.475  0.431 -0.524 -0.195
     occupation matrix ns (before diag.):
       0.983 -0.004  0.005 -0.003 -0.013
      -0.004  0.980 -0.006 -0.013  0.005
       0.005 -0.006  0.987 -0.008  0.006
      -0.003 -0.013 -0.008  0.987  0.003
      -0.013  0.005  0.006  0.003  0.980
     SPIN  2
     eigenvalues:
       0.647  0.743  0.849  0.937  0.968
     eigenvectors (columns):
       0.511 -0.699 -0.381  0.024 -0.323
       0.571  0.417  0.051 -0.696 -0.111
      -0.000  0.000  0.643  0.167 -0.748
       0.295 -0.404  0.660 -0.041  0.559
       0.571  0.417 -0.051  0.696  0.111
     occupation matrix ns (before diag.):
       0.757 -0.025  0.029 -0.082 -0.031
      -0.025  0.809 -0.000 -0.021 -0.128
       0.029 -0.000  0.918 -0.050  0.000
      -0.082 -0.021 -0.050  0.851 -0.011
      -0.031 -0.128  0.000 -0.011  0.809
     ------------------------ ATOM    4 ------------------------
     Tr[ns(  4)] (up, down, total) =   4.91599  4.14445  9.06044
     Atomic magnetic moment for atom   4 =   0.77154
     SPIN  1
     eigenvalues:
       0.962  0.969  0.990  0.997  0.998
     eigenvectors (columns):
       0.251  0.642  0.118  0.581 -0.416
      -0.442 -0.000 -0.757  0.000 -0.481
      -0.525  0.475  0.431 -0.524 -0.195
       0.435 -0.371  0.204 -0.336 -0.721
       0.525  0.475 -0.431 -0.524  0.195
     occupation matrix ns (before diag.):
       0.983  0.005 -0.004  0.003 -0.013
       0.005  0.987 -0.006  0.008  0.006
      -0.004 -0.006  0.980  0.013  0.005
       0.003  0.008  0.013  0.987 -0.003
      -0.013  0.006  0.005 -0.003  0.980
     SPIN  2
     eigenvalues:
       0.647  0.743  0.849  0.937  0.968
     eigenvectors (columns):
      -0.511  0.699  0.381  0.024  0.323
      -0.000  0.000 -0.643  0.167  0.748
      -0.571 -0.417 -0.051 -0.696  0.111
       0.295 -0.404  0.660  0.041  0.559
      -0.571 -0.417  0.051  0.696 -0.111
     occupation matrix ns (before diag.):
       0.757  0.029 -0.025  0.082 -0.031
       0.029  0.918 -0.000  0.050  0.000
      -0.025 -0.000  0.809  0.021 -0.128
       0.082  0.050  0.021  0.851  0.011
      -0.031  0.000 -0.128  0.011  0.809

     Number of occupied Hubbard levels =   37.1656

     negative rho (up, down):  4.659E-05 5.546E-06

     HUBBARD ENERGY =    0.3561  (Ry)

     total cpu time spent up to now is      742.3 secs

     total energy              =   -1118.08643741 Ry
     estimated scf accuracy    <       3.95094857 Ry

     total magnetization       =     2.51 Bohr mag/cell
     absolute magnetization    =     3.11 Bohr mag/cell

     iteration #  3     ecut=   180.00 Ry     beta= 0.10
     Davidson diagonalization with overlap

---- Real-time Memory Report at c_bands before calling an iterative solver
         21937 MiB given to the printing process from OS
          1403 MiB allocation reported by mallinfo(arena+hblkhd)
        477622 MiB available memory on the node where the printing process lives
------------------
     ethr =  2.95E-03,  avg # of iterations =  1.0

     =================== HUBBARD OCCUPATIONS ===================
     ------------------------ ATOM    1 ------------------------
     Tr[ns(  1)] (up, down, total) =   4.99468  4.98050  9.97519
     Atomic magnetic moment for atom   1 =   0.01418
     SPIN  1
     eigenvalues:
       0.999  0.999  0.999  0.999  0.999
     eigenvectors (columns):
       0.523  0.295 -0.000 -0.377 -0.705
      -0.007 -0.653  0.577 -0.490 -0.016
      -0.562  0.332  0.577  0.259 -0.417
      -0.295  0.523 -0.000 -0.705  0.377
      -0.569 -0.321 -0.577 -0.231 -0.432
     occupation matrix ns (before diag.):
       0.999  0.000  0.000  0.000  0.000
       0.000  0.999  0.000  0.000 -0.000
       0.000  0.000  0.999 -0.000 -0.000
       0.000  0.000 -0.000  0.999 -0.000
       0.000 -0.000 -0.000 -0.000  0.999
     SPIN  2
     eigenvalues:
       0.993  0.993  0.997  0.999  0.999
     eigenvectors (columns):
       0.411  0.159  0.000 -0.325 -0.837
      -0.114 -0.724  0.577 -0.356 -0.055
      -0.570  0.460  0.577  0.226 -0.281
      -0.159  0.411 -0.000 -0.837  0.325
      -0.684 -0.264 -0.577 -0.130 -0.336
     occupation matrix ns (before diag.):
       0.998  0.001  0.001  0.000  0.002
       0.001  0.995  0.001  0.002 -0.001
       0.001  0.001  0.995 -0.002 -0.001
       0.000  0.002 -0.002  0.998 -0.000
       0.002 -0.001 -0.001 -0.000  0.995
     ------------------------ ATOM    2 ------------------------
     Tr[ns(  2)] (up, down, total) =   4.92625  4.22755  9.15380
     Atomic magnetic moment for atom   2 =   0.69870
     SPIN  1
     eigenvalues:
       0.967  0.972  0.991  0.998  0.998
     eigenvectors (columns):
      -0.524  0.000  0.211 -0.000 -0.825
      -0.510  0.498 -0.443  0.502  0.210
      -0.510 -0.498 -0.443 -0.502  0.210
       0.000  0.710 -0.000 -0.704  0.000
       0.454 -0.000 -0.750 -0.000 -0.480
     occupation matrix ns (before diag.):
       0.989 -0.008 -0.008  0.000  0.008
      -0.008  0.982 -0.003 -0.009  0.005
      -0.008 -0.003  0.982  0.009  0.005
       0.000 -0.009  0.009  0.985 -0.000
       0.008  0.005  0.005 -0.000  0.988
     SPIN  2
     eigenvalues:
       0.652  0.781  0.865  0.951  0.979
     eigenvectors (columns):
       0.000 -0.000  0.747 -0.043 -0.664
      -0.590 -0.390  0.062 -0.695  0.114
       0.590  0.390  0.062 -0.695  0.114
      -0.552  0.834  0.000 -0.000  0.000
      -0.000  0.000 -0.659 -0.178 -0.730
     occupation matrix ns (before diag.):
       0.915 -0.006 -0.006  0.000  0.056
      -0.006  0.821  0.130 -0.042  0.001
      -0.006  0.130  0.821  0.042  0.001
       0.000 -0.042  0.042  0.742 -0.000
       0.056  0.001  0.001 -0.000  0.929
     ------------------------ ATOM    3 ------------------------
     Tr[ns(  3)] (up, down, total) =   4.92625  4.22755  9.15380
     Atomic magnetic moment for atom   3 =   0.69870
     SPIN  1
     eigenvalues:
       0.967  0.972  0.991  0.998  0.998
     eigenvectors (columns):
       0.262  0.615 -0.105  0.610  0.413
      -0.510  0.498 -0.443 -0.502  0.210
      -0.454  0.000  0.750  0.000  0.480
      -0.454  0.355  0.183  0.352 -0.715
       0.510  0.498  0.443 -0.502 -0.210
     occupation matrix ns (before diag.):
       0.986 -0.004  0.004 -0.002 -0.012
      -0.004  0.982 -0.005 -0.011  0.003
       0.004 -0.005  0.988 -0.007  0.005
      -0.002 -0.011 -0.007  0.988  0.002
      -0.012  0.003  0.005  0.002  0.982
     SPIN  2
     eigenvalues:
       0.652  0.781  0.865  0.951  0.979
     eigenvectors (columns):
      -0.478  0.722  0.373 -0.021 -0.332
      -0.590 -0.390 -0.062  0.695 -0.114
       0.000 -0.000 -0.659 -0.178 -0.730
      -0.276  0.417 -0.647  0.037  0.575
      -0.590 -0.390  0.062 -0.695  0.114
     occupation matrix ns (before diag.):
       0.785 -0.033  0.028 -0.075 -0.039
      -0.033  0.821 -0.001 -0.026 -0.130
       0.028 -0.001  0.929 -0.048  0.001
      -0.075 -0.026 -0.048  0.872 -0.016
      -0.039 -0.130  0.001 -0.016  0.821
     ------------------------ ATOM    4 ------------------------
     Tr[ns(  4)] (up, down, total) =   4.92625  4.22755  9.15380
     Atomic magnetic moment for atom   4 =   0.69870
     SPIN  1
     eigenvalues:
       0.967  0.972  0.991  0.998  0.998
     eigenvectors (columns):
       0.262  0.615 -0.105  0.610  0.413
      -0.454 -0.000  0.750  0.000  0.480
      -0.510  0.498 -0.443 -0.502  0.210
       0.454 -0.355 -0.183 -0.352  0.715
       0.510  0.498  0.443 -0.502 -0.210
     occupation matrix ns (before diag.):
       0.986  0.004 -0.004  0.002 -0.012
       0.004  0.988 -0.005  0.007  0.005
      -0.004 -0.005  0.982  0.011  0.003
       0.002  0.007  0.011  0.988 -0.002
      -0.012  0.005  0.003 -0.002  0.982
     SPIN  2
     eigenvalues:
       0.652  0.781  0.865  0.951  0.979
     eigenvectors (columns):
      -0.478  0.722  0.373 -0.021 -0.332
      -0.000  0.000 -0.659 -0.178 -0.730
      -0.590 -0.390 -0.062  0.695 -0.114
       0.276 -0.417  0.647 -0.037 -0.575
      -0.590 -0.390  0.062 -0.695  0.114
     occupation matrix ns (before diag.):
       0.785  0.028 -0.033  0.075 -0.039
       0.028  0.929 -0.001  0.048  0.001
      -0.033 -0.001  0.821  0.026 -0.130
       0.075  0.048  0.026  0.872  0.016
      -0.039  0.001 -0.130  0.016  0.821

     Number of occupied Hubbard levels =   37.4366

     negative rho (up, down):  4.392E-05 5.328E-06

     HUBBARD ENERGY =    0.3512  (Ry)

     total cpu time spent up to now is      845.4 secs

     total energy              =   -1117.91579394 Ry
     estimated scf accuracy    <       2.99761862 Ry

     total magnetization       =     2.14 Bohr mag/cell
     absolute magnetization    =     2.95 Bohr mag/cell

     iteration #  4     ecut=   180.00 Ry     beta= 0.10
     Davidson diagonalization with overlap

---- Real-time Memory Report at c_bands before calling an iterative solver
         22518 MiB given to the printing process from OS
          2016 MiB allocation reported by mallinfo(arena+hblkhd)
        477023 MiB available memory on the node where the printing process lives
------------------
     ethr =  2.95E-03,  avg # of iterations =  1.0

     =================== HUBBARD OCCUPATIONS ===================
     ------------------------ ATOM    1 ------------------------
     Tr[ns(  1)] (up, down, total) =   4.99191  4.83474  9.82665
     Atomic magnetic moment for atom   1 =   0.15717
     SPIN  1
     eigenvalues:
       0.997  0.997  0.998  1.000  1.000
     eigenvectors (columns):
       0.546  0.326 -0.000 -0.401 -0.659
       0.009 -0.630  0.577 -0.519  0.012
      -0.550  0.307  0.577  0.249 -0.456
      -0.326  0.546 -0.000 -0.659  0.401
      -0.541 -0.323 -0.577 -0.270 -0.444
     occupation matrix ns (before diag.):
       0.999  0.001  0.001  0.000  0.001
       0.001  0.998  0.000  0.001 -0.000
       0.001  0.000  0.998 -0.001 -0.000
       0.000  0.001 -0.001  0.999 -0.000
       0.001 -0.000 -0.000 -0.000  0.998
     SPIN  2
     eigenvalues:
       0.946  0.946  0.976  0.976  0.991
     eigenvectors (columns):
      -0.552 -0.311  0.386  0.670  0.000
       0.007  0.632  0.517  0.000 -0.577
       0.544 -0.321 -0.259  0.448 -0.577
       0.311 -0.552  0.670 -0.386 -0.000
       0.550  0.310  0.258  0.448  0.577
     occupation matrix ns (before diag.):
       0.964  0.006  0.006  0.000  0.012
       0.006  0.969  0.011  0.011 -0.011
       0.006  0.011  0.969 -0.011 -0.011
       0.000  0.011 -0.011  0.964 -0.000
       0.012 -0.011 -0.011 -0.000  0.969
     ------------------------ ATOM    2 ------------------------
     Tr[ns(  2)] (up, down, total) =   4.93740  4.29734  9.23474
     Atomic magnetic moment for atom   2 =   0.64005
     SPIN  1
     eigenvalues:
       0.974  0.975  0.992  0.998  0.998
     eigenvectors (columns):
      -0.539  0.000 -0.204 -0.000  0.817
      -0.507  0.520  0.438  0.479 -0.225
      -0.507 -0.520  0.438 -0.479 -0.225
       0.000  0.677  0.000 -0.736 -0.000
       0.441 -0.000  0.758 -0.000  0.480
     occupation matrix ns (before diag.):
       0.991 -0.006 -0.006  0.000  0.007
      -0.006  0.984 -0.001 -0.008  0.003
      -0.006 -0.001  0.984  0.008  0.003
       0.000 -0.008  0.008  0.987 -0.000
       0.007  0.003  0.003 -0.000  0.990
     SPIN  2
     eigenvalues:
       0.655  0.834  0.859  0.963  0.986
     eigenvectors (columns):
       0.000 -0.000  0.683 -0.021 -0.730
      -0.601 -0.372  0.123 -0.683  0.134
       0.601  0.372  0.123 -0.683  0.134
      -0.526  0.850  0.000 -0.000  0.000
      -0.000  0.000 -0.710 -0.256 -0.656
     occupation matrix ns (before diag.):
       0.927 -0.011 -0.011  0.000  0.061
      -0.011  0.833  0.128 -0.057  0.007
      -0.011  0.128  0.833  0.057  0.007
       0.000 -0.057  0.057  0.785 -0.000
       0.061  0.007  0.007 -0.000  0.921
     ------------------------ ATOM    3 ------------------------
     Tr[ns(  3)] (up, down, total) =   4.93740  4.29734  9.23474
     Atomic magnetic moment for atom   3 =   0.64005
     SPIN  1
     eigenvalues:
       0.974  0.975  0.992  0.998  0.998
     eigenvectors (columns):
       0.270 -0.586 -0.102  0.637  0.409
      -0.507 -0.520 -0.438 -0.479  0.225
      -0.441  0.000  0.758  0.000  0.480
      -0.467 -0.338  0.177  0.368 -0.708
       0.507 -0.520  0.438 -0.479 -0.225
     occupation matrix ns (before diag.):
       0.988 -0.004  0.003 -0.002 -0.010
      -0.004  0.984 -0.003 -0.009  0.001
       0.003 -0.003  0.990 -0.006  0.003
      -0.002 -0.009 -0.006  0.990  0.001
      -0.010  0.001  0.003  0.001  0.984
     SPIN  2
     eigenvalues:
       0.655  0.834  0.859  0.963  0.986
     eigenvectors (columns):
      -0.456  0.736 -0.341 -0.010 -0.365
      -0.601 -0.372  0.123  0.683 -0.134
       0.000 -0.000  0.710 -0.256 -0.656
      -0.263  0.425  0.591  0.018  0.633
      -0.601 -0.372 -0.123 -0.683  0.134
     occupation matrix ns (before diag.):
       0.820 -0.044  0.030 -0.062 -0.054
      -0.044  0.833 -0.007 -0.038 -0.128
       0.030 -0.007  0.921 -0.053  0.007
      -0.062 -0.038 -0.053  0.891 -0.019
      -0.054 -0.128  0.007 -0.019  0.833
     ------------------------ ATOM    4 ------------------------
     Tr[ns(  4)] (up, down, total) =   4.93740  4.29734  9.23474
     Atomic magnetic moment for atom   4 =   0.64005
     SPIN  1
     eigenvalues:
       0.974  0.975  0.992  0.998  0.998
     eigenvectors (columns):
       0.270 -0.586 -0.102  0.637  0.409
      -0.441  0.000  0.758  0.000  0.480
      -0.507 -0.520 -0.438 -0.479  0.225
       0.467  0.338 -0.177 -0.368  0.708
       0.507 -0.520  0.438 -0.479 -0.225
     occupation matrix ns (before diag.):
       0.988  0.003 -0.004  0.002 -0.010
       0.003  0.990 -0.003  0.006  0.003
      -0.004 -0.003  0.984  0.009  0.001
       0.002  0.006  0.009  0.990 -0.001
      -0.010  0.003  0.001 -0.001  0.984
     SPIN  2
     eigenvalues:
       0.655  0.834  0.859  0.963  0.986
     eigenvectors (columns):
      -0.456  0.736 -0.341 -0.010 -0.365
      -0.000  0.000  0.710 -0.256 -0.656
      -0.601 -0.372  0.123  0.683 -0.134
       0.263 -0.425 -0.591 -0.018 -0.633
      -0.601 -0.372 -0.123 -0.683  0.134
     occupation matrix ns (before diag.):
       0.820  0.030 -0.044  0.062 -0.054
       0.030  0.921 -0.007  0.053  0.007
      -0.044 -0.007  0.833  0.038 -0.128
       0.062  0.053  0.038  0.891  0.019
      -0.054  0.007 -0.128  0.019  0.833

     Number of occupied Hubbard levels =   37.5309

