
     Program PWSCF v.7.3.1 starts on  2Jul2025 at 13:51:23 
        Git branch: HEAD
        Last git commit: 7fd60c9bc9fe7a7d1fe6f1049f4afba0eab9aeef-dirty
        Last git commit date: Thu Feb 29 10:18:05 2024 +0000
        Last git commit subject: Merge branch 'master_qe_7.3.1' into 'master'

     This program is part of the open-source Quantum ESPRESSO suite
     for quantum simulation of materials; please cite
         "P. Giannozzi et al., J. Phys.:Condens. Matter 21 395502 (2009);
         "P. Giannozzi et al., J. Phys.:Condens. Matter 29 465901 (2017);
         "P. Giannozzi et al., J. Chem. Phys. 152 154105 (2020);
          URL http://www.quantum-espresso.org", 
     in publications or presentations arising from this work. More details at
     http://www.quantum-espresso.org/quote

     Parallel version (MPI & OpenMP), running on    1024 processor cores
     Number of MPI processes:                 4
     Threads/MPI process:                   256

     MPI processes distributed on     4 nodes
     487045 MiB available memory on the printing compute node when the environment starts

     Reading input from qe_Pt3Ni_ionRelax.in

     Current dimensions of program PWSCF are:
     Max number of different atomic species (ntypx) = 10
     Max number of k-points (npk) =  40000
     Max angular momentum in pseudopotentials (lmaxx) =  4

     gamma-point specific algorithms are used

     R & G space division:  proc/nbgrp/npool/nimage =       4
     Subspace diagonalization in iterative solution of the eigenvalue problem:
     a serial algorithm will be used


     Parallelization info
     --------------------
     sticks:   dense  smooth     PW     G-vecs:    dense   smooth      PW
     Min       34375   34375   8588              9590052  9590052 1198588
     Max       34378   34378   8590              9590062  9590062 1198598
     Sum      137505  137505  34357             38360227 38360227 4794373

     Using Slab Decomposition



     bravais-lattice index     =            1
     lattice parameter (alat)  =      60.0000  a.u.
     unit-cell volume          =  216000.0000 (a.u.)^3
     number of atoms/cell      =            4
     number of atomic types    =            2
     number of electrons       =        72.00
     number of Kohn-Sham states=           50
     kinetic-energy cutoff     =     120.0000  Ry
     charge density cutoff     =     480.0000  Ry
     scf convergence threshold =      1.0E-10
     mixing beta               =       0.2000
     number of iterations used =            8  plain     mixing
     energy convergence thresh.=      1.0E-04
     force convergence thresh. =      1.0E-03
     Exchange-correlation= PBE
                           (   1   4   3   4   0   0   0)
     nstep                     =           50

     Hubbard projectors: atomic
     Hubbard parameters of DFT+U (Dudarev formulation) in eV:
     U(Ni-3d) =  1.0000
     U(Pt-5d) =  3.0000

     Internal variables: lda_plus_u =T, lda_plus_u_kind = 0

     celldm(1)=  60.000000  celldm(2)=   0.000000  celldm(3)=   0.000000
     celldm(4)=   0.000000  celldm(5)=   0.000000  celldm(6)=   0.000000

     crystal axes: (cart. coord. in units of alat)
               a(1) = (   1.000000   0.000000   0.000000 )  
               a(2) = (   0.000000   1.000000   0.000000 )  
               a(3) = (   0.000000   0.000000   1.000000 )  

     reciprocal axes: (cart. coord. in units 2 pi/alat)
               b(1) = (  1.000000  0.000000  0.000000 )  
               b(2) = (  0.000000  1.000000  0.000000 )  
               b(3) = (  0.000000  0.000000  1.000000 )  


     PseudoPot. # 1 for Ni read from file:
     ./Ni.upf
     MD5 check sum: 2b0a79d100e227970886d6963e34175b
     Pseudo is Norm-conserving + core correction, Zval = 18.0
     Generated using ONCVPSP code by D. R. Hamann
     Using radial grid of 1372 points,  6 beta functions with: 
                l(1) =   0
                l(2) =   0
                l(3) =   1
                l(4) =   1
                l(5) =   2
                l(6) =   2

     PseudoPot. # 2 for Pt read from file:
     ./Pt.upf
     MD5 check sum: 3caa314b32314335c676ebce8d0bd64e
     Pseudo is Norm-conserving + core correction, Zval = 18.0
     Generated using ONCVPSP code by D. R. Hamann
     Using radial grid of 1374 points,  8 beta functions with: 
                l(1) =   0
                l(2) =   0
                l(3) =   1
                l(4) =   1
                l(5) =   2
                l(6) =   2
                l(7) =   3
                l(8) =   3

     atomic species   valence    mass     pseudopotential
     Ni               18.00    58.00000     Ni( 1.00)
     Pt               18.00   195.00000     Pt( 1.00)

     Starting magnetic structure 
     atomic species   magnetization
     Ni              0.200
     Pt              0.200

      6 Sym. Ops. (no inversion) found


                                    s                        frac. trans.

      isym =  1     identity                                     

 cryst.   s( 1) = (     1          0          0      )
                  (     0          1          0      )
                  (     0          0          1      )

 cart.    s( 1) = (  1.0000000  0.0000000  0.0000000 )
                  (  0.0000000  1.0000000  0.0000000 )
                  (  0.0000000  0.0000000  1.0000000 )


      isym =  2     120 deg rotation - cart. axis [-1,-1,-1]     

 cryst.   s( 2) = (     0          0          1      )
                  (     1          0          0      )
                  (     0          1          0      )

 cart.    s( 2) = (  0.0000000  1.0000000  0.0000000 )
                  (  0.0000000  0.0000000  1.0000000 )
                  (  1.0000000  0.0000000  0.0000000 )


      isym =  3     120 deg rotation - cart. axis [1,1,1]        

 cryst.   s( 3) = (     0          1          0      )
                  (     0          0          1      )
                  (     1          0          0      )

 cart.    s( 3) = (  0.0000000  0.0000000  1.0000000 )
                  (  1.0000000  0.0000000  0.0000000 )
                  (  0.0000000  1.0000000  0.0000000 )


      isym =  4     inv. 180 deg rotation - cart. axis [1,-1,0]  

 cryst.   s( 4) = (     0          1          0      )
                  (     1          0          0      )
                  (     0          0          1      )

 cart.    s( 4) = (  0.0000000  1.0000000  0.0000000 )
                  (  1.0000000  0.0000000  0.0000000 )
                  (  0.0000000  0.0000000  1.0000000 )


      isym =  5     inv. 180 deg rotation - cart. axis [-1,0,1]  

 cryst.   s( 5) = (     0          0          1      )
                  (     0          1          0      )
                  (     1          0          0      )

 cart.    s( 5) = (  0.0000000  0.0000000  1.0000000 )
                  (  0.0000000  1.0000000  0.0000000 )
                  (  1.0000000  0.0000000  0.0000000 )


      isym =  6     inv. 180 deg rotation - cart. axis [0,1,-1]  

 cryst.   s( 6) = (     1          0          0      )
                  (     0          0          1      )
                  (     0          1          0      )

 cart.    s( 6) = (  1.0000000  0.0000000  0.0000000 )
                  (  0.0000000  0.0000000  1.0000000 )
                  (  0.0000000  1.0000000  0.0000000 )


     point group C_3v (3m)  
     there are  3 classes
     the character table:

       E     2C3   3s_v 
A_1    1.00  1.00  1.00
A_2    1.00  1.00 -1.00
E      2.00 -1.00  0.00

     the symmetry operations in each class and the name of the first element:

     E        1
          identity                                               
     2C3      2    3
          120 deg rotation - cart. axis [-1,-1,-1]               
     3s_v     4    5    6
          inv. 180 deg rotation - cart. axis [1,-1,0]            

   Cartesian axes

     site n.     atom                  positions (alat units)
         1        Ni     tau(   1) = (   0.0000000   0.0000000   0.0000000  )
         2        Pt     tau(   2) = (   0.0600000   0.0600000   0.0000000  )
         3        Pt     tau(   3) = (   0.0000000   0.0600000   0.0600000  )
         4        Pt     tau(   4) = (   0.0600000   0.0000000   0.0600000  )

   Crystallographic axes

     site n.     atom                  positions (cryst. coord.)
         1        Ni     tau(   1) = (  0.0000000  0.0000000  0.0000000  )
         2        Pt     tau(   2) = (  0.0600000  0.0600000  0.0000000  )
         3        Pt     tau(   3) = (  0.0000000  0.0600000  0.0600000  )
         4        Pt     tau(   4) = (  0.0600000  0.0000000  0.0600000  )

     number of k points=     1  Fermi-Dirac smearing, width (Ry)=  0.0127
                       cart. coord. in units 2pi/alat
        k(    1) = (   0.0000000   0.0000000   0.0000000), wk =   1.0000000

                       cryst. coord.
        k(    1) = (   0.0000000   0.0000000   0.0000000), wk =   1.0000000

     Dense  grid: 19180114 G-vectors     FFT dimensions: ( 432, 432, 432)

     Dynamical RAM for                 wfc:     457.27 MB

     Dynamical RAM for     wfc (w. buffer):    1371.81 MB

     Dynamical RAM for             U proj.:     182.91 MB

     Dynamical RAM for  U proj. (w. buff.):     548.73 MB

     Dynamical RAM for           str. fact:     146.33 MB

     Dynamical RAM for           local pot:       0.00 MB

     Dynamical RAM for          nlocal pot:    1042.58 MB

     Dynamical RAM for                qrad:       8.44 MB

     Dynamical RAM for          rho,v,vnew:    1361.64 MB

     Dynamical RAM for               rhoin:     453.88 MB

     Dynamical RAM for            rho*nmix:   -1754.68 MB

     Dynamical RAM for           G-vectors:     310.96 MB

     Dynamical RAM for          h,s,v(r/c):       0.23 MB

     Dynamical RAM for          <psi|beta>:       0.04 MB

     Dynamical RAM for                 psi:     914.54 MB

     Dynamical RAM for                hpsi:     914.54 MB

     Dynamical RAM for      wfcinit/wfcrot:     914.60 MB

     Estimated static dynamical RAM per process >       6.24 GB

     Estimated max dynamical RAM per process >       6.31 GB

     Estimated total dynamical RAM >      25.24 GB
     Generating pointlists ...
     new r_m :   0.0350 (alat units)  2.1001 (a.u.) for type    1
     new r_m :   0.0350 (alat units)  2.1001 (a.u.) for type    2

     Initial potential from superposition of free atoms

     starting charge      71.9993, renormalised to      72.0000

     negative rho (up, down):  6.435E-04 4.290E-04

     HUBBARD ENERGY =    0.3087  (Ry)

     STARTING HUBBARD OCCUPATIONS:

     =================== HUBBARD OCCUPATIONS ===================
     ------------------------ ATOM    1 ------------------------
     Tr[ns(  1)] (up, down, total) =   5.00000  3.00000  8.00000
     Atomic magnetic moment for atom   1 =   2.00000
     SPIN  1
     eigenvalues:
       1.000  1.000  1.000  1.000  1.000
     eigenvectors (columns):
       1.000  0.000  0.000  0.000  0.000
       0.000  1.000  0.000  0.000  0.000
       0.000  0.000  1.000  0.000  0.000
       0.000  0.000  0.000  1.000  0.000
       0.000  0.000  0.000  0.000  1.000
     occupation matrix ns (before diag.):
       1.000  0.000  0.000  0.000  0.000
       0.000  1.000  0.000  0.000  0.000
       0.000  0.000  1.000  0.000  0.000
       0.000  0.000  0.000  1.000  0.000
       0.000  0.000  0.000  0.000  1.000
     SPIN  2
     eigenvalues:
       0.600  0.600  0.600  0.600  0.600
     eigenvectors (columns):
       1.000  0.000  0.000  0.000  0.000
       0.000  1.000  0.000  0.000  0.000
       0.000  0.000  1.000  0.000  0.000
       0.000  0.000  0.000  1.000  0.000
       0.000  0.000  0.000  0.000  1.000
     occupation matrix ns (before diag.):
       0.600  0.000  0.000  0.000  0.000
       0.000  0.600  0.000  0.000  0.000
       0.000  0.000  0.600  0.000  0.000
       0.000  0.000  0.000  0.600  0.000
       0.000  0.000  0.000  0.000  0.600
     ------------------------ ATOM    2 ------------------------
     Tr[ns(  2)] (up, down, total) =   5.00000  4.00000  9.00000
     Atomic magnetic moment for atom   2 =   1.00000
     SPIN  1
     eigenvalues:
       1.000  1.000  1.000  1.000  1.000
     eigenvectors (columns):
       1.000  0.000  0.000  0.000  0.000
       0.000  1.000  0.000  0.000  0.000
       0.000  0.000  1.000  0.000  0.000
       0.000  0.000  0.000  1.000  0.000
       0.000  0.000  0.000  0.000  1.000
     occupation matrix ns (before diag.):
       1.000  0.000  0.000  0.000  0.000
       0.000  1.000  0.000  0.000  0.000
       0.000  0.000  1.000  0.000  0.000
       0.000  0.000  0.000  1.000  0.000
       0.000  0.000  0.000  0.000  1.000
     SPIN  2
     eigenvalues:
       0.800  0.800  0.800  0.800  0.800
     eigenvectors (columns):
       1.000  0.000  0.000  0.000  0.000
       0.000  1.000  0.000  0.000  0.000
       0.000  0.000  1.000  0.000  0.000
       0.000  0.000  0.000  1.000  0.000
       0.000  0.000  0.000  0.000  1.000
     occupation matrix ns (before diag.):
       0.800  0.000  0.000  0.000  0.000
       0.000  0.800  0.000  0.000  0.000
       0.000  0.000  0.800  0.000  0.000
       0.000  0.000  0.000  0.800  0.000
       0.000  0.000  0.000  0.000  0.800
     ------------------------ ATOM    3 ------------------------
     Tr[ns(  3)] (up, down, total) =   5.00000  4.00000  9.00000
     Atomic magnetic moment for atom   3 =   1.00000
     SPIN  1
     eigenvalues:
       1.000  1.000  1.000  1.000  1.000
     eigenvectors (columns):
       1.000  0.000  0.000  0.000  0.000
       0.000  1.000  0.000  0.000  0.000
       0.000  0.000  1.000  0.000  0.000
       0.000  0.000  0.000  1.000  0.000
       0.000  0.000  0.000  0.000  1.000
     occupation matrix ns (before diag.):
       1.000  0.000  0.000  0.000  0.000
       0.000  1.000  0.000  0.000  0.000
       0.000  0.000  1.000  0.000  0.000
       0.000  0.000  0.000  1.000  0.000
       0.000  0.000  0.000  0.000  1.000
     SPIN  2
     eigenvalues:
       0.800  0.800  0.800  0.800  0.800
     eigenvectors (columns):
       1.000  0.000  0.000  0.000  0.000
       0.000  1.000  0.000  0.000  0.000
       0.000  0.000  1.000  0.000  0.000
       0.000  0.000  0.000  1.000  0.000
       0.000  0.000  0.000  0.000  1.000
     occupation matrix ns (before diag.):
       0.800  0.000  0.000  0.000  0.000
       0.000  0.800  0.000  0.000  0.000
       0.000  0.000  0.800  0.000  0.000
       0.000  0.000  0.000  0.800  0.000
       0.000  0.000  0.000  0.000  0.800
     ------------------------ ATOM    4 ------------------------
     Tr[ns(  4)] (up, down, total) =   5.00000  4.00000  9.00000
     Atomic magnetic moment for atom   4 =   1.00000
     SPIN  1
     eigenvalues:
       1.000  1.000  1.000  1.000  1.000
     eigenvectors (columns):
       1.000  0.000  0.000  0.000  0.000
       0.000  1.000  0.000  0.000  0.000
       0.000  0.000  1.000  0.000  0.000
       0.000  0.000  0.000  1.000  0.000
       0.000  0.000  0.000  0.000  1.000
     occupation matrix ns (before diag.):
       1.000  0.000  0.000  0.000  0.000
       0.000  1.000  0.000  0.000  0.000
       0.000  0.000  1.000  0.000  0.000
       0.000  0.000  0.000  1.000  0.000
       0.000  0.000  0.000  0.000  1.000
     SPIN  2
     eigenvalues:
       0.800  0.800  0.800  0.800  0.800
     eigenvectors (columns):
       1.000  0.000  0.000  0.000  0.000
       0.000  1.000  0.000  0.000  0.000
       0.000  0.000  1.000  0.000  0.000
       0.000  0.000  0.000  1.000  0.000
       0.000  0.000  0.000  0.000  1.000
     occupation matrix ns (before diag.):
       0.800  0.000  0.000  0.000  0.000
       0.000  0.800  0.000  0.000  0.000
       0.000  0.000  0.800  0.000  0.000
       0.000  0.000  0.000  0.800  0.000
       0.000  0.000  0.000  0.000  0.800

     Number of occupied Hubbard levels =   35.0000

     Atomic wfc used for Hubbard projectors are NOT orthogonalized

     Starting wfcs are random

     total cpu time spent up to now is       41.9 secs

     Self-consistent Calculation

     iteration #  1     ecut=   120.00 Ry     beta= 0.20
     Davidson diagonalization with overlap

---- Real-time Memory Report at c_bands before calling an iterative solver
          6859 MiB given to the printing process from OS
         -1376 MiB allocation reported by mallinfo(arena+hblkhd)
        481257 MiB available memory on the node where the printing process lives
------------------
     ethr =  1.00E-02,  avg # of iterations = 29.5

     =================== HUBBARD OCCUPATIONS ===================
     ------------------------ ATOM    1 ------------------------
     Tr[ns(  1)] (up, down, total) =   4.94325  4.87296  9.81621
     Atomic magnetic moment for atom   1 =   0.07030
     SPIN  1
     eigenvalues:
       0.974  0.974  0.999  0.999  0.999
     eigenvectors (columns):
       0.376 -0.326  0.679  0.540 -0.000
       0.669  0.232  0.060 -0.402  0.577
      -0.134 -0.696 -0.378  0.149  0.577
       0.326  0.376 -0.540  0.679  0.000
       0.535 -0.464 -0.318 -0.253 -0.577
     occupation matrix ns (before diag.):
       0.992 -0.004 -0.004  0.000 -0.009
      -0.004  0.986  0.006 -0.008 -0.006
      -0.004  0.006  0.986  0.008 -0.006
       0.000 -0.008  0.008  0.992 -0.000
      -0.009 -0.006 -0.006 -0.000  0.986
     SPIN  2
     eigenvalues:
       0.950  0.950  0.990  0.990  0.993
     eigenvectors (columns):
      -0.065 -0.967 -0.240  0.045  0.000
      -0.179 -0.088  0.263 -0.747 -0.577
       0.166 -0.111  0.516  0.601 -0.577
      -0.967  0.065  0.045  0.240 -0.000
      -0.013 -0.199  0.778 -0.146  0.577
     occupation matrix ns (before diag.):
       0.952 -0.004 -0.004  0.000 -0.008
      -0.004  0.990  0.002 -0.007 -0.002
      -0.004  0.002  0.990  0.007 -0.002
       0.000 -0.007  0.007  0.952 -0.000
      -0.008 -0.002 -0.002 -0.000  0.990
     ------------------------ ATOM    2 ------------------------
     Tr[ns(  2)] (up, down, total) =   4.64644  4.26911  8.91555
     Atomic magnetic moment for atom   2 =   0.37733
     SPIN  1
     eigenvalues:
       0.717  0.974  0.978  0.985  0.993
     eigenvectors (columns):
      -0.000 -0.471  0.000  0.412  0.780
      -0.395 -0.437  0.586  0.337 -0.442
       0.395 -0.437 -0.586  0.337 -0.442
       0.829  0.000  0.559 -0.000 -0.000
       0.000  0.629 -0.000  0.777 -0.030
     occupation matrix ns (before diag.):
       0.988 -0.005 -0.005  0.000  0.003
      -0.005  0.940  0.044  0.085  0.003
      -0.005  0.044  0.940 -0.085  0.003
       0.000  0.085 -0.085  0.798 -0.000
       0.003  0.003  0.003 -0.000  0.981
     SPIN  2
     eigenvalues:
       0.703  0.722  0.907  0.956  0.981
     eigenvectors (columns):
       0.000 -0.000 -0.586 -0.379  0.716
      -0.158 -0.689 -0.518  0.442 -0.190
       0.158  0.689 -0.518  0.442 -0.190
      -0.975  0.224 -0.000 -0.000 -0.000
      -0.000  0.000  0.346  0.682  0.645
     occupation matrix ns (before diag.):
       0.952 -0.018 -0.018  0.000  0.021
      -0.018  0.826  0.106 -0.003  0.006
      -0.018  0.106  0.826  0.003  0.006
       0.000 -0.003  0.003  0.704 -0.000
       0.021  0.006  0.006 -0.000  0.961
     ------------------------ ATOM    3 ------------------------
     Tr[ns(  3)] (up, down, total) =   4.64644  4.26911  8.91555
     Atomic magnetic moment for atom   3 =   0.37733
     SPIN  1
     eigenvalues:
       0.717  0.974  0.978  0.985  0.993
     eigenvectors (columns):
       0.718 -0.235 -0.484 -0.206  0.390
      -0.395  0.437 -0.586  0.337  0.442
      -0.000  0.629  0.000 -0.777 -0.030
       0.415  0.408 -0.279  0.357 -0.676
      -0.395 -0.437 -0.586 -0.337 -0.442
     occupation matrix ns (before diag.):
       0.846  0.077  0.002 -0.082  0.071
       0.077  0.940 -0.003  0.038 -0.044
       0.002 -0.003  0.981 -0.003  0.003
      -0.082  0.038 -0.003  0.940  0.047
       0.071 -0.044  0.003  0.047  0.940
     SPIN  2
     eigenvalues:
       0.703  0.722  0.907  0.956  0.981
     eigenvectors (columns):
       0.844 -0.194  0.293  0.190  0.358
       0.158  0.689 -0.518  0.442  0.190
      -0.000  0.000 -0.346 -0.682  0.645
       0.487 -0.112 -0.508 -0.328 -0.620
       0.158  0.689  0.518 -0.442 -0.190
     occupation matrix ns (before diag.):
       0.766  0.007  0.011 -0.107 -0.012
       0.007  0.826 -0.006 -0.017 -0.106
       0.011 -0.006  0.961 -0.018  0.006
      -0.107 -0.017 -0.018  0.890  0.014
      -0.012 -0.106  0.006  0.014  0.826
     ------------------------ ATOM    4 ------------------------
     Tr[ns(  4)] (up, down, total) =   4.64644  4.26911  8.91555
     Atomic magnetic moment for atom   4 =   0.37733
     SPIN  1
     eigenvalues:
       0.717  0.974  0.978  0.985  0.993
     eigenvectors (columns):
       0.718 -0.235 -0.484 -0.206  0.390
       0.000  0.629  0.000 -0.777 -0.030
      -0.395  0.437 -0.586  0.337  0.442
      -0.415 -0.408  0.279 -0.357  0.676
      -0.395 -0.437 -0.586 -0.337 -0.442
     occupation matrix ns (before diag.):
       0.846  0.002  0.077  0.082  0.071
       0.002  0.981 -0.003  0.003  0.003
       0.077 -0.003  0.940 -0.038 -0.044
       0.082  0.003 -0.038  0.940 -0.047
       0.071  0.003 -0.044 -0.047  0.940
     SPIN  2
     eigenvalues:
       0.703  0.722  0.907  0.956  0.981
     eigenvectors (columns):
       0.844 -0.194  0.293  0.190  0.358
       0.000 -0.000 -0.346 -0.682  0.645
       0.158  0.689 -0.518  0.442  0.190
      -0.487  0.112  0.508  0.328  0.620
       0.158  0.689  0.518 -0.442 -0.190
     occupation matrix ns (before diag.):
       0.766  0.011  0.007  0.107 -0.012
       0.011  0.961 -0.006  0.018  0.006
       0.007 -0.006  0.826  0.017 -0.106
       0.107  0.018  0.017  0.890 -0.014
      -0.012  0.006 -0.106 -0.014  0.826

     Number of occupied Hubbard levels =   36.5629

     negative rho (up, down):  4.464E-04 2.049E-04

     HUBBARD ENERGY =    0.2798  (Ry)

     total cpu time spent up to now is      355.6 secs

     total energy              =   -1117.31271843 Ry
     estimated scf accuracy    <       2.58778121 Ry

     total magnetization       =     1.88 Bohr mag/cell
     absolute magnetization    =     2.40 Bohr mag/cell

     iteration #  2     ecut=   120.00 Ry     beta= 0.20
     Davidson diagonalization with overlap

---- Real-time Memory Report at c_bands before calling an iterative solver
         11372 MiB given to the printing process from OS
         -1083 MiB allocation reported by mallinfo(arena+hblkhd)
        482498 MiB available memory on the node where the printing process lives
------------------
     ethr =  3.59E-03,  avg # of iterations =  4.5

     =================== HUBBARD OCCUPATIONS ===================
     ------------------------ ATOM    1 ------------------------
     Tr[ns(  1)] (up, down, total) =   4.82482  0.27544  5.10026
     Atomic magnetic moment for atom   1 =   4.54938
     SPIN  1
     eigenvalues:
       0.936  0.936  0.980  0.986  0.986
     eigenvectors (columns):
      -0.355  0.301 -0.000  0.664  0.585
      -0.680 -0.243 -0.577  0.075 -0.373
       0.130  0.711 -0.577 -0.360  0.121
      -0.301 -0.355  0.000 -0.585  0.664
      -0.551  0.468  0.577 -0.285 -0.251
     occupation matrix ns (before diag.):
       0.975 -0.008 -0.008  0.000 -0.017
      -0.008  0.958  0.011 -0.015 -0.011
      -0.008  0.011  0.958  0.015 -0.011
       0.000 -0.015  0.015  0.975 -0.000
      -0.017 -0.011 -0.011 -0.000  0.958
     SPIN  2
     eigenvalues:
       0.019  0.019  0.036  0.101  0.101
     eigenvectors (columns):
       0.298 -0.727 -0.000  0.547 -0.287
       0.500 -0.068  0.577 -0.027  0.641
      -0.309 -0.399  0.577 -0.542 -0.344
       0.727  0.298  0.000 -0.287 -0.547
       0.191 -0.467 -0.577 -0.569  0.298
     occupation matrix ns (before diag.):
       0.050 -0.016 -0.016  0.000 -0.033
      -0.016  0.058 -0.011 -0.028  0.011
      -0.016 -0.011  0.058  0.028  0.011
       0.000 -0.028  0.028  0.050 -0.000
      -0.033  0.011  0.011 -0.000  0.058
     ------------------------ ATOM    2 ------------------------
     Tr[ns(  2)] (up, down, total) =   4.70835  4.92924  9.63759
     Atomic magnetic moment for atom   2 =  -0.22090
     SPIN  1
     eigenvalues:
       0.733  0.988  0.994  0.996  0.997
     eigenvectors (columns):
       0.000  0.160 -0.969  0.000  0.188
       0.402 -0.043 -0.141  0.582 -0.692
      -0.402 -0.043 -0.141 -0.582 -0.692
      -0.823  0.000  0.000  0.568 -0.000
      -0.000  0.985  0.145 -0.000 -0.091
     occupation matrix ns (before diag.):
       0.994 -0.000 -0.000  0.000 -0.001
      -0.000  0.954  0.043  0.087  0.000
      -0.000  0.043  0.954 -0.087  0.000
       0.000  0.087 -0.087  0.818 -0.000
      -0.001  0.000  0.000 -0.000  0.988
     SPIN  2
     eigenvalues:
       0.972  0.981  0.987  0.993  0.996
     eigenvectors (columns):
      -0.566  0.000 -0.044 -0.000  0.823
      -0.295  0.450  0.620  0.545 -0.170
      -0.295 -0.450  0.620 -0.545 -0.170
       0.000  0.771 -0.000 -0.636 -0.000
       0.711 -0.000  0.479  0.000  0.515
     occupation matrix ns (before diag.):
       0.988 -0.004 -0.004  0.000  0.010
      -0.004  0.987 -0.001 -0.004  0.002
      -0.004 -0.001  0.987  0.004  0.002
       0.000 -0.004  0.004  0.986 -0.000
       0.010  0.002  0.002 -0.000  0.982
     ------------------------ ATOM    3 ------------------------
     Tr[ns(  3)] (up, down, total) =   4.70835  4.92924  9.63759
     Atomic magnetic moment for atom   3 =  -0.22090
     SPIN  1
     eigenvalues:
       0.733  0.988  0.994  0.996  0.997
     eigenvectors (columns):
      -0.713 -0.080  0.485 -0.492 -0.094
       0.402 -0.043 -0.141 -0.582 -0.692
       0.000 -0.985 -0.145 -0.000  0.091
      -0.411  0.138 -0.839 -0.284  0.163
       0.402  0.043  0.141 -0.582  0.692
     occupation matrix ns (before diag.):
       0.862  0.075 -0.000 -0.076  0.075
       0.075  0.954 -0.000  0.043 -0.043
      -0.000 -0.000  0.988  0.001  0.000
      -0.076  0.043  0.001  0.950  0.044
       0.075 -0.043  0.000  0.044  0.954
     SPIN  2
     eigenvalues:
       0.972  0.981  0.987  0.993  0.996
     eigenvectors (columns):
      -0.283 -0.668 -0.022  0.551 -0.411
       0.295 -0.450 -0.620 -0.545 -0.170
       0.711  0.000  0.479  0.000 -0.515
       0.491 -0.386  0.038  0.318  0.713
      -0.295 -0.450  0.620 -0.545  0.170
     occupation matrix ns (before diag.):
       0.986 -0.002  0.005 -0.001 -0.006
      -0.002  0.987 -0.002 -0.005  0.001
       0.005 -0.002  0.982 -0.009  0.002
      -0.001 -0.005 -0.009  0.988  0.001
      -0.006  0.001  0.002  0.001  0.987
     ------------------------ ATOM    4 ------------------------
     Tr[ns(  4)] (up, down, total) =   4.70835  4.92924  9.63759
     Atomic magnetic moment for atom   4 =  -0.22090
     SPIN  1
     eigenvalues:
       0.733  0.988  0.994  0.996  0.997
     eigenvectors (columns):
      -0.713 -0.080  0.485 -0.492 -0.094
      -0.000 -0.985 -0.145  0.000  0.091
       0.402 -0.043 -0.141 -0.582 -0.692
       0.411 -0.138  0.839  0.284 -0.163
       0.402  0.043  0.141 -0.582  0.692
     occupation matrix ns (before diag.):
       0.862 -0.000  0.075  0.076  0.075
      -0.000  0.988 -0.000 -0.001  0.000
       0.075 -0.000  0.954 -0.043 -0.043
       0.076 -0.001 -0.043  0.950 -0.044
       0.075  0.000 -0.043 -0.044  0.954
     SPIN  2
     eigenvalues:
       0.972  0.981  0.987  0.993  0.996
     eigenvectors (columns):
       0.283  0.668  0.022  0.551  0.411
      -0.711 -0.000 -0.479  0.000  0.515
      -0.295  0.450  0.620 -0.545  0.170
       0.491 -0.386  0.038 -0.318  0.713
       0.295  0.450 -0.620 -0.545 -0.170
     occupation matrix ns (before diag.):
       0.986  0.005 -0.002  0.001 -0.006
       0.005  0.982 -0.002  0.009  0.002
      -0.002 -0.002  0.987  0.005  0.001
       0.001  0.009  0.005  0.988 -0.001
      -0.006  0.002  0.001 -0.001  0.987

     Number of occupied Hubbard levels =   34.0130

     negative rho (up, down):  4.045E-04 1.855E-04

     HUBBARD ENERGY =    0.2814  (Ry)

     total cpu time spent up to now is      424.7 secs

     total energy              =   -1117.05181746 Ry
     estimated scf accuracy    <      12.26205596 Ry

     total magnetization       =     4.66 Bohr mag/cell
     absolute magnetization    =     5.74 Bohr mag/cell

     iteration #  3     ecut=   120.00 Ry     beta= 0.20
     Davidson diagonalization with overlap

---- Real-time Memory Report at c_bands before calling an iterative solver
         11665 MiB given to the printing process from OS
          -790 MiB allocation reported by mallinfo(arena+hblkhd)
        482299 MiB available memory on the node where the printing process lives
------------------
     ethr =  3.59E-03,  avg # of iterations =  4.0

     =================== HUBBARD OCCUPATIONS ===================
     ------------------------ ATOM    1 ------------------------
     Tr[ns(  1)] (up, down, total) =   4.99059  4.78006  9.77065
     Atomic magnetic moment for atom   1 =   0.21052
     SPIN  1
     eigenvalues:
       0.997  0.997  0.998  1.000  1.000
     eigenvectors (columns):
      -0.501 -0.269 -0.000 -0.366 -0.737
       0.021  0.672  0.577 -0.463 -0.029
       0.571 -0.354  0.577  0.257 -0.386
       0.269 -0.501 -0.000 -0.737  0.366
       0.592  0.318 -0.577 -0.206 -0.416
     occupation matrix ns (before diag.):
       0.999  0.001  0.001  0.000  0.001
       0.001  0.998  0.000  0.001 -0.000
       0.001  0.000  0.998 -0.001 -0.000
       0.000  0.001 -0.001  0.999 -0.000
       0.001 -0.000 -0.000 -0.000  0.998
     SPIN  2
     eigenvalues:
       0.912  0.912  0.985  0.985  0.985
     eigenvectors (columns):
       0.494  0.215 -0.000  0.363  0.760
      -0.078 -0.684 -0.577  0.438  0.034
      -0.553  0.409 -0.577 -0.249  0.362
      -0.215  0.494  0.000  0.760 -0.363
      -0.631 -0.274  0.577  0.190  0.397
     occupation matrix ns (before diag.):
       0.964  0.014  0.014  0.000  0.027
       0.014  0.951  0.017  0.024 -0.017
       0.014  0.017  0.951 -0.024 -0.017
       0.000  0.024 -0.024  0.964 -0.000
       0.027 -0.017 -0.017 -0.000  0.951
     ------------------------ ATOM    2 ------------------------
     Tr[ns(  2)] (up, down, total) =   4.93430  4.32627  9.26058
     Atomic magnetic moment for atom   2 =   0.60803
     SPIN  1
     eigenvalues:
       0.973  0.974  0.992  0.998  0.998
     eigenvectors (columns):
      -0.516 -0.000  0.213  0.000 -0.830
      -0.523 -0.516 -0.424 -0.483  0.216
      -0.523  0.516 -0.424  0.483  0.216
       0.000 -0.683 -0.000  0.730  0.000
       0.433  0.000 -0.771  0.000 -0.467
     occupation matrix ns (before diag.):
       0.991 -0.006 -0.006  0.000  0.007
      -0.006  0.983 -0.001 -0.009  0.004
      -0.006 -0.001  0.983  0.009  0.004
       0.000 -0.009  0.009  0.986 -0.000
       0.007  0.004  0.004 -0.000  0.990
     SPIN  2
     eigenvalues:
       0.656  0.847  0.876  0.961  0.986
     eigenvectors (columns):
       0.000 -0.000 -0.689 -0.210  0.693
      -0.575 -0.412 -0.355  0.586 -0.175
       0.575  0.412 -0.355  0.586 -0.175
      -0.582  0.813 -0.000 -0.000 -0.000
      -0.000  0.000  0.523  0.518  0.677
     occupation matrix ns (before diag.):
       0.933 -0.024 -0.024  0.000  0.043
      -0.024  0.831  0.110 -0.064  0.013
      -0.024  0.110  0.831  0.064  0.013
       0.000 -0.064  0.064  0.782 -0.000
       0.043  0.013  0.013 -0.000  0.950
     ------------------------ ATOM    3 ------------------------
     Tr[ns(  3)] (up, down, total) =   4.93430  4.32627  9.26058
     Atomic magnetic moment for atom   3 =   0.60803
     SPIN  1
     eigenvalues:
       0.973  0.974  0.992  0.998  0.998
     eigenvectors (columns):
       0.258 -0.592 -0.107  0.632  0.415
      -0.523 -0.516 -0.424 -0.483  0.216
      -0.433 -0.000  0.771  0.000  0.467
      -0.447 -0.342  0.185  0.365 -0.719
       0.523 -0.516  0.424 -0.483 -0.216
     occupation matrix ns (before diag.):
       0.988 -0.004  0.003 -0.002 -0.011
      -0.004  0.983 -0.004 -0.010  0.001
       0.003 -0.004  0.990 -0.006  0.004
      -0.002 -0.010 -0.006  0.990  0.001
      -0.011  0.001  0.004  0.001  0.983
     SPIN  2
     eigenvalues:
       0.656  0.847  0.876  0.961  0.986
     eigenvectors (columns):
       0.504 -0.704 -0.345  0.105  0.347
       0.575  0.412  0.355  0.586  0.175
      -0.000  0.000  0.523 -0.518  0.677
       0.291 -0.406  0.597 -0.182 -0.600
       0.575  0.412 -0.355 -0.586 -0.175
     occupation matrix ns (before diag.):
       0.820 -0.044  0.021 -0.065 -0.067
      -0.044  0.831 -0.013 -0.053 -0.110
       0.021 -0.013  0.950 -0.037  0.013
      -0.065 -0.053 -0.037  0.895 -0.011
      -0.067 -0.110  0.013 -0.011  0.831
     ------------------------ ATOM    4 ------------------------
     Tr[ns(  4)] (up, down, total) =   4.93430  4.32627  9.26058
     Atomic magnetic moment for atom   4 =   0.60803
     SPIN  1
     eigenvalues:
       0.973  0.974  0.992  0.998  0.998
     eigenvectors (columns):
       0.258 -0.592 -0.107  0.632  0.415
      -0.433  0.000  0.771  0.000  0.467
      -0.523 -0.516 -0.424 -0.483  0.216
       0.447  0.342 -0.185 -0.365  0.719
       0.523 -0.516  0.424 -0.483 -0.216
     occupation matrix ns (before diag.):
       0.988  0.003 -0.004  0.002 -0.011
       0.003  0.990 -0.004  0.006  0.004
      -0.004 -0.004  0.983  0.010  0.001
       0.002  0.006  0.010  0.990 -0.001
      -0.011  0.004  0.001 -0.001  0.983
     SPIN  2
     eigenvalues:
       0.656  0.847  0.876  0.961  0.986
     eigenvectors (columns):
       0.504 -0.704 -0.345  0.105  0.347
       0.000 -0.000  0.523 -0.518  0.677
       0.575  0.412  0.355  0.586  0.175
      -0.291  0.406 -0.597  0.182  0.600
       0.575  0.412 -0.355 -0.586 -0.175
     occupation matrix ns (before diag.):
       0.820  0.021 -0.044  0.065 -0.067
       0.021  0.950 -0.013  0.037  0.013
      -0.044 -0.013  0.831  0.053 -0.110
       0.065  0.037  0.053  0.895  0.011
      -0.067  0.013 -0.110  0.011  0.831

     Number of occupied Hubbard levels =   37.5524

     negative rho (up, down):  3.176E-04 1.445E-04

     HUBBARD ENERGY =    0.2734  (Ry)

     total cpu time spent up to now is      489.3 secs

     total energy              =   -1117.96510256 Ry
     estimated scf accuracy    <       1.45666533 Ry

     total magnetization       =     2.05 Bohr mag/cell
     absolute magnetization    =     2.77 Bohr mag/cell

     iteration #  4     ecut=   120.00 Ry     beta= 0.20
     Davidson diagonalization with overlap

---- Real-time Memory Report at c_bands before calling an iterative solver
         11959 MiB given to the printing process from OS
          -498 MiB allocation reported by mallinfo(arena+hblkhd)
        482080 MiB available memory on the node where the printing process lives
------------------
     ethr =  2.02E-03,  avg # of iterations =  1.5

     =================== HUBBARD OCCUPATIONS ===================
     ------------------------ ATOM    1 ------------------------
     Tr[ns(  1)] (up, down, total) =   4.98467  4.41920  9.40387
     Atomic magnetic moment for atom   1 =   0.56547
     SPIN  1
     eigenvalues:
       0.995  0.995  0.997  0.999  0.999
     eigenvectors (columns):
      -0.511 -0.253 -0.000 -0.354 -0.742
       0.043  0.670  0.577 -0.464 -0.037
       0.558 -0.372  0.577  0.264 -0.383
       0.253 -0.511 -0.000 -0.742  0.354
       0.601  0.298 -0.577 -0.200 -0.420
     occupation matrix ns (before diag.):
       0.998  0.001  0.001  0.000  0.002
       0.001  0.996  0.000  0.001 -0.000
       0.001  0.000  0.996 -0.001 -0.000
       0.000  0.001 -0.001  0.998 -0.000
       0.002 -0.000 -0.000 -0.000  0.996
     SPIN  2
     eigenvalues:
       0.786  0.786  0.948  0.948  0.952
     eigenvectors (columns):
       0.525  0.260  0.384  0.714  0.000
      -0.042 -0.661  0.478  0.014 -0.577
      -0.551  0.367 -0.251  0.407 -0.577
      -0.260  0.525  0.714 -0.384 -0.000
      -0.593 -0.294  0.227  0.421  0.577
     occupation matrix ns (before diag.):
       0.892  0.031  0.031  0.000  0.063
       0.031  0.878  0.037  0.055 -0.037
       0.031  0.037  0.878 -0.055 -0.037
       0.000  0.055 -0.055  0.892 -0.000
       0.063 -0.037 -0.037 -0.000  0.878
     ------------------------ ATOM    2 ------------------------
     Tr[ns(  2)] (up, down, total) =   4.93665  4.43070  9.36735
     Atomic magnetic moment for atom   2 =   0.50595
     SPIN  1
     eigenvalues:
       0.974  0.975  0.993  0.998  0.998
     eigenvectors (columns):
      -0.497  0.000  0.207 -0.000 -0.843
      -0.528  0.525 -0.422  0.474  0.208
      -0.528 -0.525 -0.422 -0.474  0.208
       0.000  0.670 -0.000 -0.742  0.000
       0.441 -0.000 -0.776 -0.000 -0.451
     occupation matrix ns (before diag.):
       0.992 -0.006 -0.006  0.000  0.006
      -0.006  0.984 -0.001 -0.008  0.004
      -0.006 -0.001  0.984  0.008  0.004
       0.000 -0.008  0.008  0.987 -0.000
       0.006  0.004  0.004 -0.000  0.990
     SPIN  2
     eigenvalues:
       0.657  0.875  0.935  0.973  0.992
     eigenvectors (columns):
       0.000  0.600  0.000  0.204 -0.773
      -0.577  0.392 -0.409 -0.568  0.154
       0.577  0.392  0.409 -0.568  0.154
      -0.579 -0.000  0.816  0.000  0.000
      -0.000 -0.576 -0.000 -0.560 -0.595
     occupation matrix ns (before diag.):
       0.949 -0.025 -0.025  0.000  0.043
      -0.025  0.847  0.097 -0.093  0.020
      -0.025  0.097  0.847  0.093  0.020
       0.000 -0.093  0.093  0.842 -0.000
       0.043  0.020  0.020 -0.000  0.947
     ------------------------ ATOM    3 ------------------------
     Tr[ns(  3)] (up, down, total) =   4.93665  4.43070  9.36735
     Atomic magnetic moment for atom   3 =   0.50595
     SPIN  1
     eigenvalues:
       0.974  0.975  0.993  0.998  0.998
     eigenvectors (columns):
       0.249 -0.581 -0.103  0.643  0.421
      -0.528 -0.525 -0.422 -0.474  0.208
      -0.441 -0.000  0.776  0.000  0.451
      -0.431 -0.335  0.179  0.371 -0.730
       0.528 -0.525  0.422 -0.474 -0.208
     occupation matrix ns (before diag.):
       0.988 -0.004  0.003 -0.002 -0.010
      -0.004  0.984 -0.004 -0.009  0.001
       0.003 -0.004  0.990 -0.005  0.004
      -0.002 -0.009 -0.005  0.991  0.001
      -0.010  0.001  0.004  0.001  0.984
     SPIN  2
     eigenvalues:
       0.657  0.875  0.935  0.973  0.992
     eigenvectors (columns):
      -0.501 -0.300  0.706  0.102  0.387
      -0.577  0.392 -0.409  0.568  0.154
       0.000  0.576 -0.000 -0.560  0.595
      -0.289  0.520  0.408 -0.177 -0.670
      -0.577 -0.392 -0.409 -0.568 -0.154
     occupation matrix ns (before diag.):
       0.868 -0.067  0.021 -0.046 -0.093
      -0.067  0.847 -0.020 -0.068 -0.097
       0.021 -0.020  0.947 -0.037  0.020
      -0.046 -0.068 -0.037  0.922 -0.024
      -0.093 -0.097  0.020 -0.024  0.847
     ------------------------ ATOM    4 ------------------------
     Tr[ns(  4)] (up, down, total) =   4.93665  4.43070  9.36735
     Atomic magnetic moment for atom   4 =   0.50595
     SPIN  1
     eigenvalues:
       0.974  0.975  0.993  0.998  0.998
     eigenvectors (columns):
       0.249 -0.581 -0.103  0.643  0.421
      -0.441  0.000  0.776  0.000  0.451
      -0.528 -0.525 -0.422 -0.474  0.208
       0.431  0.335 -0.179 -0.371  0.730
       0.528 -0.525  0.422 -0.474 -0.208
     occupation matrix ns (before diag.):
       0.988  0.003 -0.004  0.002 -0.010
       0.003  0.990 -0.004  0.005  0.004
      -0.004 -0.004  0.984  0.009  0.001
       0.002  0.005  0.009  0.991 -0.001
      -0.010  0.004  0.001 -0.001  0.984
     SPIN  2
     eigenvalues:
       0.657  0.875  0.935  0.973  0.992
     eigenvectors (columns):
      -0.501 -0.300  0.706  0.102  0.387
      -0.000  0.576 -0.000 -0.560  0.595
      -0.577  0.392 -0.409  0.568  0.154
       0.289 -0.520 -0.408  0.177  0.670
      -0.577 -0.392 -0.409 -0.568 -0.154
     occupation matrix ns (before diag.):
       0.868  0.021 -0.067  0.046 -0.093
       0.021  0.947 -0.020  0.037  0.020
      -0.067 -0.020  0.847  0.068 -0.097
