
     Program PWSCF v.7.1 starts on 18Oct2024 at 21: 3:31 

     This program is part of the open-source Quantum ESPRESSO suite
     for quantum simulation of materials; please cite
         "P. Giannozzi et al., J. Phys.:Condens. Matter 21 395502 (2009);
         "P. Giannozzi et al., J. Phys.:Condens. Matter 29 465901 (2017);
         "P. Giannozzi et al., J. Chem. Phys. 152 154105 (2020);
          URL http://www.quantum-espresso.org", 
     in publications or presentations arising from this work. More details at
     http://www.quantum-espresso.org/quote

     Parallel version (MPI & OpenMP), running on     128 processor cores
     Number of MPI processes:               128
     Threads/MPI process:                     1

     MPI processes distributed on     1 nodes
     479294 MiB available memory on the printing compute node when the environment starts

     Reading input from qe_Pt3Ni.in

     Current dimensions of program PWSCF are:
     Max number of different atomic species (ntypx) = 10
     Max number of k-points (npk) =  40000
     Max angular momentum in pseudopotentials (lmaxx) =  4

     gamma-point specific algorithms are used

     R & G space division:  proc/nbgrp/npool/nimage =     128
     Subspace diagonalization in iterative solution of the eigenvalue problem:
     a serial algorithm will be used


     Parallelization info
     --------------------
     sticks:   dense  smooth     PW     G-vecs:    dense   smooth      PW
     Min        1610    1610    401               550538   550538   68809
     Max        1612    1612    404               550564   550564   68828
     Sum      206285  206285  51577             70470853 70470853 8808945

     Using Slab Decomposition



     bravais-lattice index     =            1
     lattice parameter (alat)  =      60.0000  a.u.
     unit-cell volume          =  216000.0000 (a.u.)^3
     number of atoms/cell      =            4
     number of atomic types    =            2
     number of electrons       =        72.00
     number of Kohn-Sham states=           80
     kinetic-energy cutoff     =     180.0000  Ry
     charge density cutoff     =     720.0000  Ry
     scf convergence threshold =      1.0E-06
     mixing beta               =       0.1000
     number of iterations used =            8  plain     mixing
     Exchange-correlation= PBE
                           (   1   4   3   4   0   0   0)
     Hubbard projectors: atomic
     Hubbard parameters of DFT+U (Dudarev formulation) in eV:
     U(Ni-3d) =  1.0000
     U(Pt-5d) =  3.0000

     Internal variables: lda_plus_u =T, lda_plus_u_kind = 0

     celldm(1)=  60.000000  celldm(2)=   0.000000  celldm(3)=   0.000000
     celldm(4)=   0.000000  celldm(5)=   0.000000  celldm(6)=   0.000000

     crystal axes: (cart. coord. in units of alat)
               a(1) = (   1.000000   0.000000   0.000000 )  
               a(2) = (   0.000000   1.000000   0.000000 )  
               a(3) = (   0.000000   0.000000   1.000000 )  

     reciprocal axes: (cart. coord. in units 2 pi/alat)
               b(1) = (  1.000000  0.000000  0.000000 )  
               b(2) = (  0.000000  1.000000  0.000000 )  
               b(3) = (  0.000000  0.000000  1.000000 )  


     PseudoPot. # 1 for Ni read from file:
     ./Ni.upf
     MD5 check sum: 2b0a79d100e227970886d6963e34175b
     Pseudo is Norm-conserving + core correction, Zval = 18.0
     Generated using ONCVPSP code by D. R. Hamann
     Using radial grid of 1372 points,  6 beta functions with: 
                l(1) =   0
                l(2) =   0
                l(3) =   1
                l(4) =   1
                l(5) =   2
                l(6) =   2

     PseudoPot. # 2 for Pt read from file:
     ./Pt.upf
     MD5 check sum: 3caa314b32314335c676ebce8d0bd64e
     Pseudo is Norm-conserving + core correction, Zval = 18.0
     Generated using ONCVPSP code by D. R. Hamann
     Using radial grid of 1374 points,  8 beta functions with: 
                l(1) =   0
                l(2) =   0
                l(3) =   1
                l(4) =   1
                l(5) =   2
                l(6) =   2
                l(7) =   3
                l(8) =   3

     atomic species   valence    mass     pseudopotential
        Ni            18.00    58.00000     Ni( 1.00)
        Pt            18.00   195.00000     Pt( 1.00)

     Starting magnetic structure 
     atomic species   magnetization
        Ni           0.200
        Pt           0.200

      6 Sym. Ops. (no inversion) found


                                    s                        frac. trans.

      isym =  1     identity                                     

 cryst.   s( 1) = (     1          0          0      )
                  (     0          1          0      )
                  (     0          0          1      )

 cart.    s( 1) = (  1.0000000  0.0000000  0.0000000 )
                  (  0.0000000  1.0000000  0.0000000 )
                  (  0.0000000  0.0000000  1.0000000 )


      isym =  2     120 deg rotation - cart. axis [-1,-1,-1]     

 cryst.   s( 2) = (     0          0          1      )
                  (     1          0          0      )
                  (     0          1          0      )

 cart.    s( 2) = (  0.0000000  1.0000000  0.0000000 )
                  (  0.0000000  0.0000000  1.0000000 )
                  (  1.0000000  0.0000000  0.0000000 )


      isym =  3     120 deg rotation - cart. axis [1,1,1]        

 cryst.   s( 3) = (     0          1          0      )
                  (     0          0          1      )
                  (     1          0          0      )

 cart.    s( 3) = (  0.0000000  0.0000000  1.0000000 )
                  (  1.0000000  0.0000000  0.0000000 )
                  (  0.0000000  1.0000000  0.0000000 )


      isym =  4     inv. 180 deg rotation - cart. axis [1,-1,0]  

 cryst.   s( 4) = (     0          1          0      )
                  (     1          0          0      )
                  (     0          0          1      )

 cart.    s( 4) = (  0.0000000  1.0000000  0.0000000 )
                  (  1.0000000  0.0000000  0.0000000 )
                  (  0.0000000  0.0000000  1.0000000 )


      isym =  5     inv. 180 deg rotation - cart. axis [-1,0,1]  

 cryst.   s( 5) = (     0          0          1      )
                  (     0          1          0      )
                  (     1          0          0      )

 cart.    s( 5) = (  0.0000000  0.0000000  1.0000000 )
                  (  0.0000000  1.0000000  0.0000000 )
                  (  1.0000000  0.0000000  0.0000000 )


      isym =  6     inv. 180 deg rotation - cart. axis [0,1,-1]  

 cryst.   s( 6) = (     1          0          0      )
                  (     0          0          1      )
                  (     0          1          0      )

 cart.    s( 6) = (  1.0000000  0.0000000  0.0000000 )
                  (  0.0000000  0.0000000  1.0000000 )
                  (  0.0000000  1.0000000  0.0000000 )


     point group C_3v (3m)  
     there are  3 classes
     the character table:

       E     2C3   3s_v 
A_1    1.00  1.00  1.00
A_2    1.00  1.00 -1.00
E      2.00 -1.00  0.00

     the symmetry operations in each class and the name of the first element:

     E        1
          identity                                               
     2C3      2    3
          120 deg rotation - cart. axis [-1,-1,-1]               
     3s_v     4    5    6
          inv. 180 deg rotation - cart. axis [1,-1,0]            

   Cartesian axes

     site n.     atom                  positions (alat units)
         1           Ni  tau(   1) = (   0.0000000   0.0000000   0.0000000  )
         2           Pt  tau(   2) = (   0.0600000   0.0600000   0.0000000  )
         3           Pt  tau(   3) = (   0.0000000   0.0600000   0.0600000  )
         4           Pt  tau(   4) = (   0.0600000   0.0000000   0.0600000  )

   Crystallographic axes

     site n.     atom                  positions (cryst. coord.)
         1           Ni  tau(   1) = (  0.0000000  0.0000000  0.0000000  )
         2           Pt  tau(   2) = (  0.0600000  0.0600000  0.0000000  )
         3           Pt  tau(   3) = (  0.0000000  0.0600000  0.0600000  )
         4           Pt  tau(   4) = (  0.0600000  0.0000000  0.0600000  )

     number of k points=     1  Fermi-Dirac smearing, width (Ry)=  0.0127
                       cart. coord. in units 2pi/alat
        k(    1) = (   0.0000000   0.0000000   0.0000000), wk =   1.0000000

                       cryst. coord.
        k(    1) = (   0.0000000   0.0000000   0.0000000), wk =   1.0000000

     Dense  grid: 35235427 G-vectors     FFT dimensions: ( 540, 540, 540)

     Dynamical RAM for                 wfc:      42.00 MB

     Dynamical RAM for     wfc (w. buffer):     126.01 MB

     Dynamical RAM for             U proj.:      10.50 MB

     Dynamical RAM for  U proj. (w. buff.):      31.50 MB

     Dynamical RAM for           str. fact:       8.40 MB

     Dynamical RAM for           local pot:       0.00 MB

     Dynamical RAM for          nlocal pot:      59.85 MB

     Dynamical RAM for                qrad:      10.33 MB

     Dynamical RAM for          rho,v,vnew:      91.94 MB

     Dynamical RAM for               rhoin:      30.65 MB

     Dynamical RAM for            rho*nmix:     134.42 MB

     Dynamical RAM for           G-vectors:      17.85 MB

     Dynamical RAM for          h,s,v(r/c):       0.59 MB

     Dynamical RAM for          <psi|beta>:       0.07 MB

     Dynamical RAM for                 psi:      84.00 MB

     Dynamical RAM for                hpsi:      84.00 MB

     Dynamical RAM for      wfcinit/wfcrot:      84.15 MB

     Estimated static dynamical RAM per process >     455.88 MB

     Estimated max dynamical RAM per process >     758.96 MB

     Estimated total dynamical RAM >      94.87 GB
     Generating pointlists ...
     new r_m :   0.0350 (alat units)  2.1001 (a.u.) for type    1
     new r_m :   0.0350 (alat units)  2.1001 (a.u.) for type    2

     Initial potential from superposition of free atoms

     starting charge      71.9993, renormalised to      72.0000

     negative rho (up, down):  1.027E-04 6.846E-05

     HUBBARD ENERGY =    0.3087  (Ry)

     STARTING HUBBARD OCCUPATIONS:

     =================== HUBBARD OCCUPATIONS ===================
     ------------------------ ATOM    1 ------------------------
     Tr[ns(  1)] (up, down, total) =   5.00000  3.00000  8.00000
     Atomic magnetic moment for atom   1 =   2.00000
     SPIN  1
     eigenvalues:
       1.000  1.000  1.000  1.000  1.000
     eigenvectors (columns):
       1.000  0.000  0.000  0.000  0.000
       0.000  1.000  0.000  0.000  0.000
       0.000  0.000  1.000  0.000  0.000
       0.000  0.000  0.000  1.000  0.000
       0.000  0.000  0.000  0.000  1.000
     occupation matrix ns (before diag.):
       1.000  0.000  0.000  0.000  0.000
       0.000  1.000  0.000  0.000  0.000
       0.000  0.000  1.000  0.000  0.000
       0.000  0.000  0.000  1.000  0.000
       0.000  0.000  0.000  0.000  1.000
     SPIN  2
     eigenvalues:
       0.600  0.600  0.600  0.600  0.600
     eigenvectors (columns):
       1.000  0.000  0.000  0.000  0.000
       0.000  1.000  0.000  0.000  0.000
       0.000  0.000  1.000  0.000  0.000
       0.000  0.000  0.000  1.000  0.000
       0.000  0.000  0.000  0.000  1.000
     occupation matrix ns (before diag.):
       0.600  0.000  0.000  0.000  0.000
       0.000  0.600  0.000  0.000  0.000
       0.000  0.000  0.600  0.000  0.000
       0.000  0.000  0.000  0.600  0.000
       0.000  0.000  0.000  0.000  0.600
     ------------------------ ATOM    2 ------------------------
     Tr[ns(  2)] (up, down, total) =   5.00000  4.00000  9.00000
     Atomic magnetic moment for atom   2 =   1.00000
     SPIN  1
     eigenvalues:
       1.000  1.000  1.000  1.000  1.000
     eigenvectors (columns):
       1.000  0.000  0.000  0.000  0.000
       0.000  1.000  0.000  0.000  0.000
       0.000  0.000  1.000  0.000  0.000
       0.000  0.000  0.000  1.000  0.000
       0.000  0.000  0.000  0.000  1.000
     occupation matrix ns (before diag.):
       1.000  0.000  0.000  0.000  0.000
       0.000  1.000  0.000  0.000  0.000
       0.000  0.000  1.000  0.000  0.000
       0.000  0.000  0.000  1.000  0.000
       0.000  0.000  0.000  0.000  1.000
     SPIN  2
     eigenvalues:
       0.800  0.800  0.800  0.800  0.800
     eigenvectors (columns):
       1.000  0.000  0.000  0.000  0.000
       0.000  1.000  0.000  0.000  0.000
       0.000  0.000  1.000  0.000  0.000
       0.000  0.000  0.000  1.000  0.000
       0.000  0.000  0.000  0.000  1.000
     occupation matrix ns (before diag.):
       0.800  0.000  0.000  0.000  0.000
       0.000  0.800  0.000  0.000  0.000
       0.000  0.000  0.800  0.000  0.000
       0.000  0.000  0.000  0.800  0.000
       0.000  0.000  0.000  0.000  0.800
     ------------------------ ATOM    3 ------------------------
     Tr[ns(  3)] (up, down, total) =   5.00000  4.00000  9.00000
     Atomic magnetic moment for atom   3 =   1.00000
     SPIN  1
     eigenvalues:
       1.000  1.000  1.000  1.000  1.000
     eigenvectors (columns):
       1.000  0.000  0.000  0.000  0.000
       0.000  1.000  0.000  0.000  0.000
       0.000  0.000  1.000  0.000  0.000
       0.000  0.000  0.000  1.000  0.000
       0.000  0.000  0.000  0.000  1.000
     occupation matrix ns (before diag.):
       1.000  0.000  0.000  0.000  0.000
       0.000  1.000  0.000  0.000  0.000
       0.000  0.000  1.000  0.000  0.000
       0.000  0.000  0.000  1.000  0.000
       0.000  0.000  0.000  0.000  1.000
     SPIN  2
     eigenvalues:
       0.800  0.800  0.800  0.800  0.800
     eigenvectors (columns):
       1.000  0.000  0.000  0.000  0.000
       0.000  1.000  0.000  0.000  0.000
       0.000  0.000  1.000  0.000  0.000
       0.000  0.000  0.000  1.000  0.000
       0.000  0.000  0.000  0.000  1.000
     occupation matrix ns (before diag.):
       0.800  0.000  0.000  0.000  0.000
       0.000  0.800  0.000  0.000  0.000
       0.000  0.000  0.800  0.000  0.000
       0.000  0.000  0.000  0.800  0.000
       0.000  0.000  0.000  0.000  0.800
     ------------------------ ATOM    4 ------------------------
     Tr[ns(  4)] (up, down, total) =   5.00000  4.00000  9.00000
     Atomic magnetic moment for atom   4 =   1.00000
     SPIN  1
     eigenvalues:
       1.000  1.000  1.000  1.000  1.000
     eigenvectors (columns):
       1.000  0.000  0.000  0.000  0.000
       0.000  1.000  0.000  0.000  0.000
       0.000  0.000  1.000  0.000  0.000
       0.000  0.000  0.000  1.000  0.000
       0.000  0.000  0.000  0.000  1.000
     occupation matrix ns (before diag.):
       1.000  0.000  0.000  0.000  0.000
       0.000  1.000  0.000  0.000  0.000
       0.000  0.000  1.000  0.000  0.000
       0.000  0.000  0.000  1.000  0.000
       0.000  0.000  0.000  0.000  1.000
     SPIN  2
     eigenvalues:
       0.800  0.800  0.800  0.800  0.800
     eigenvectors (columns):
       1.000  0.000  0.000  0.000  0.000
       0.000  1.000  0.000  0.000  0.000
       0.000  0.000  1.000  0.000  0.000
       0.000  0.000  0.000  1.000  0.000
       0.000  0.000  0.000  0.000  1.000
     occupation matrix ns (before diag.):
       0.800  0.000  0.000  0.000  0.000
       0.000  0.800  0.000  0.000  0.000
       0.000  0.000  0.800  0.000  0.000
       0.000  0.000  0.000  0.800  0.000
       0.000  0.000  0.000  0.000  0.800

     Number of occupied Hubbard levels =   35.0000

     Atomic wfc used for Hubbard projectors are NOT orthogonalized

     Starting wfcs are random

     total cpu time spent up to now is       86.5 secs

     Self-consistent Calculation

     iteration #  1     ecut=   180.00 Ry     beta= 0.10
     Davidson diagonalization with overlap

---- Real-time Memory Report at c_bands before calling an iterative solver
           592 MiB given to the printing process from OS
             0 MiB allocation reported by mallinfo(arena+hblkhd)
        421340 MiB available memory on the node where the printing process lives
------------------
     ethr =  1.00E-02,  avg # of iterations = 18.0

     =================== HUBBARD OCCUPATIONS ===================
     ------------------------ ATOM    1 ------------------------
     Tr[ns(  1)] (up, down, total) =   4.99371  4.93631  9.93002
     Atomic magnetic moment for atom   1 =   0.05740
     SPIN  1
     eigenvalues:
       0.998  0.998  0.999  0.999  0.999
     eigenvectors (columns):
      -0.496 -0.212  0.000 -0.308 -0.784
       0.083  0.683  0.577 -0.435 -0.066
       0.550 -0.413  0.577  0.275 -0.344
       0.212 -0.496 -0.000 -0.784  0.308
       0.632  0.270 -0.577 -0.161 -0.410
     occupation matrix ns (before diag.):
       0.999  0.000  0.000  0.000  0.001
       0.000  0.999  0.000  0.001 -0.000
       0.000  0.000  0.999 -0.001 -0.000
       0.000  0.001 -0.001  0.999 -0.000
       0.001 -0.000 -0.000 -0.000  0.999
     SPIN  2
     eigenvalues:
       0.975  0.975  0.993  0.997  0.997
     eigenvectors (columns):
       0.484  0.149  0.000 -0.295 -0.810
      -0.157 -0.686  0.577 -0.408 -0.072
      -0.516  0.479  0.577  0.266 -0.317
      -0.149  0.484 -0.000 -0.810  0.295
      -0.673 -0.207 -0.577 -0.142 -0.389
     occupation matrix ns (before diag.):
       0.991  0.004  0.004  0.000  0.008
       0.004  0.985  0.004  0.007 -0.004
       0.004  0.004  0.985 -0.007 -0.004
       0.000  0.007 -0.007  0.991 -0.000
       0.008 -0.004 -0.004 -0.000  0.985
     ------------------------ ATOM    2 ------------------------
     Tr[ns(  2)] (up, down, total) =   4.92552  4.19703  9.12254
     Atomic magnetic moment for atom   2 =   0.72849
     SPIN  1
     eigenvalues:
       0.968  0.971  0.990  0.998  0.998
     eigenvectors (columns):
      -0.529  0.000 -0.223 -0.000  0.819
      -0.507  0.519  0.448  0.480 -0.205
      -0.507 -0.519  0.448 -0.480 -0.205
       0.000  0.679  0.000 -0.734 -0.000
       0.454 -0.000  0.741 -0.000  0.495
     occupation matrix ns (before diag.):
       0.989 -0.007 -0.007  0.000  0.008
      -0.007  0.982 -0.002 -0.009  0.004
      -0.007 -0.002  0.982  0.009  0.004
       0.000 -0.009  0.009  0.985 -0.000
       0.008  0.004  0.004 -0.000  0.988
     SPIN  2
     eigenvalues:
       0.660  0.813  0.884  0.909  0.932
     eigenvectors (columns):
       0.000 -0.899 -0.147  0.000  0.412
      -0.579 -0.109 -0.548 -0.406 -0.433
       0.579 -0.109 -0.548  0.406 -0.433
      -0.575  0.000 -0.000  0.818 -0.000
      -0.000  0.410 -0.614  0.000  0.674
     occupation matrix ns (before diag.):
       0.835 -0.016 -0.016  0.000  0.039
      -0.016  0.821  0.079 -0.083 -0.011
      -0.016  0.079  0.821  0.083 -0.011
       0.000 -0.083  0.083  0.827 -0.000
       0.039 -0.011 -0.011 -0.000  0.894
     ------------------------ ATOM    3 ------------------------
     Tr[ns(  3)] (up, down, total) =   4.92552  4.19703  9.12254
     Atomic magnetic moment for atom   3 =   0.72849
     SPIN  1
     eigenvalues:
       0.968  0.971  0.990  0.998  0.998
     eigenvectors (columns):
      -0.264  0.588 -0.112  0.636  0.409
       0.507  0.519 -0.448 -0.480  0.205
       0.454 -0.000  0.741  0.000  0.495
       0.458  0.339  0.194  0.367 -0.709
      -0.507  0.519  0.448 -0.480 -0.205
     occupation matrix ns (before diag.):
       0.986 -0.005  0.004 -0.002 -0.012
      -0.005  0.982 -0.004 -0.011  0.002
       0.004 -0.004  0.988 -0.007  0.004
      -0.002 -0.011 -0.007  0.988  0.001
      -0.012  0.002  0.004  0.001  0.982
     SPIN  2
     eigenvalues:
       0.660  0.813  0.884  0.909  0.932
     eigenvectors (columns):
      -0.498 -0.450  0.073 -0.709 -0.206
      -0.579  0.109 -0.548  0.406 -0.433
       0.000  0.410  0.614 -0.000 -0.674
      -0.287  0.779 -0.127 -0.409  0.357
      -0.579 -0.109  0.548  0.406  0.433
     occupation matrix ns (before diag.):
       0.829 -0.064  0.020 -0.003 -0.079
      -0.064  0.821  0.011 -0.055 -0.079
       0.020  0.011  0.894 -0.034 -0.011
      -0.003 -0.055 -0.034  0.833 -0.028
      -0.079 -0.079 -0.011 -0.028  0.821
     ------------------------ ATOM    4 ------------------------
     Tr[ns(  4)] (up, down, total) =   4.92552  4.19703  9.12254
     Atomic magnetic moment for atom   4 =   0.72849
     SPIN  1
     eigenvalues:
       0.968  0.971  0.990  0.998  0.998
     eigenvectors (columns):
      -0.264  0.588 -0.112  0.636  0.409
       0.454 -0.000  0.741  0.000  0.495
       0.507  0.519 -0.448 -0.480  0.205
      -0.458 -0.339 -0.194 -0.367  0.709
      -0.507  0.519  0.448 -0.480 -0.205
     occupation matrix ns (before diag.):
       0.986  0.004 -0.005  0.002 -0.012
       0.004  0.988 -0.004  0.007  0.004
      -0.005 -0.004  0.982  0.011  0.002
       0.002  0.007  0.011  0.988 -0.001
      -0.012  0.004  0.002 -0.001  0.982
     SPIN  2
     eigenvalues:
       0.660  0.813  0.884  0.909  0.932
     eigenvectors (columns):
       0.498  0.450 -0.073 -0.709  0.206
       0.000 -0.410 -0.614 -0.000  0.674
       0.579 -0.109  0.548  0.406  0.433
      -0.287  0.779 -0.127  0.409  0.357
       0.579  0.109 -0.548  0.406 -0.433
     occupation matrix ns (before diag.):
       0.829  0.020 -0.064  0.003 -0.079
       0.020  0.894  0.011  0.034 -0.011
      -0.064  0.011  0.821  0.055 -0.079
       0.003  0.034  0.055  0.833  0.028
      -0.079 -0.011 -0.079  0.028  0.821

     Number of occupied Hubbard levels =   37.2976

     negative rho (up, down):  6.574E-05 1.552E-05

     HUBBARD ENERGY =    0.2335  (Ry)

     total cpu time spent up to now is      626.1 secs

     total energy              =   -1117.73883469 Ry
     estimated scf accuracy    <       2.63850466 Ry

     total magnetization       =     2.30 Bohr mag/cell
     absolute magnetization    =     3.20 Bohr mag/cell

     iteration #  2     ecut=   180.00 Ry     beta= 0.10
     Davidson diagonalization with overlap

---- Real-time Memory Report at c_bands before calling an iterative solver
           905 MiB given to the printing process from OS
             0 MiB allocation reported by mallinfo(arena+hblkhd)
        398756 MiB available memory on the node where the printing process lives
------------------
     ethr =  3.66E-03,  avg # of iterations =  1.0

     =================== HUBBARD OCCUPATIONS ===================
     ------------------------ ATOM    1 ------------------------
     Tr[ns(  1)] (up, down, total) =   4.97861  3.32708  8.30568
     Atomic magnetic moment for atom   1 =   1.65153
     SPIN  1
     eigenvalues:
       0.993  0.993  0.996  0.999  0.999
     eigenvectors (columns):
       0.550  0.280 -0.000 -0.355 -0.702
      -0.034 -0.642  0.577 -0.503 -0.028
      -0.539  0.350  0.577  0.276 -0.422
      -0.280  0.550 -0.000 -0.702  0.355
      -0.573 -0.291 -0.577 -0.227 -0.449
     occupation matrix ns (before diag.):
       0.996  0.001  0.001  0.000  0.002
       0.001  0.995  0.000  0.002 -0.000
       0.001  0.000  0.995 -0.002 -0.000
       0.000  0.002 -0.002  0.996 -0.000
       0.002 -0.000 -0.000 -0.000  0.995
     SPIN  2
     eigenvalues:
       0.516  0.516  0.763  0.763  0.770
     eigenvectors (columns):
       0.532  0.245 -0.379 -0.716  0.000
      -0.061 -0.659 -0.478 -0.017 -0.577
      -0.540  0.382  0.254 -0.405 -0.577
      -0.245  0.532 -0.716  0.379 -0.000
      -0.601 -0.277 -0.224 -0.423  0.577
     occupation matrix ns (before diag.):
       0.678  0.048  0.048  0.000  0.096
       0.048  0.657  0.057  0.083 -0.057
       0.048  0.057  0.657 -0.083 -0.057
       0.000  0.083 -0.083  0.678 -0.000
       0.096 -0.057 -0.057 -0.000  0.657
     ------------------------ ATOM    2 ------------------------
     Tr[ns(  2)] (up, down, total) =   4.95785  4.50909  9.46694
     Atomic magnetic moment for atom   2 =   0.44876
     SPIN  1
     eigenvalues:
       0.984  0.984  0.993  0.998  0.998
     eigenvectors (columns):
       0.000 -0.590  0.125  0.798 -0.000
      -0.552 -0.426 -0.513 -0.234 -0.442
       0.552 -0.426 -0.513 -0.234  0.442
      -0.626 -0.000 -0.000  0.000  0.780
      -0.000  0.538 -0.676  0.504 -0.000
     occupation matrix ns (before diag.):
       0.993 -0.003 -0.003  0.000  0.005
      -0.003  0.990  0.000 -0.005  0.002
      -0.003  0.000  0.990  0.005  0.002
       0.000 -0.005  0.005  0.993 -0.000
       0.005  0.002  0.002 -0.000  0.992
     SPIN  2
     eigenvalues:
       0.681  0.872  0.972  0.990  0.994
     eigenvectors (columns):
      -0.000 -0.612  0.105 -0.000  0.784
       0.579 -0.358 -0.575  0.406 -0.203
      -0.579 -0.358 -0.575 -0.406 -0.203
       0.575  0.000 -0.000 -0.818 -0.000
       0.000  0.607 -0.573 -0.000  0.551
     occupation matrix ns (before diag.):
       0.948 -0.025 -0.025  0.000  0.047
      -0.025  0.866  0.082 -0.103  0.019
      -0.025  0.082  0.866  0.103  0.019
       0.000 -0.103  0.103  0.888 -0.000
       0.047  0.019  0.019 -0.000  0.942
     ------------------------ ATOM    3 ------------------------
     Tr[ns(  3)] (up, down, total) =   4.95785  4.50909  9.46694
     Atomic magnetic moment for atom   3 =   0.44876
     SPIN  1
     eigenvalues:
       0.984  0.984  0.993  0.998  0.998
     eigenvectors (columns):
      -0.542  0.295  0.063  0.399  0.676
      -0.552 -0.426  0.513  0.234 -0.442
      -0.000 -0.538 -0.676  0.504 -0.000
      -0.313 -0.511 -0.108 -0.691  0.390
      -0.552  0.426 -0.513 -0.234 -0.442
     occupation matrix ns (before diag.):
       0.993 -0.003  0.003 -0.000 -0.006
      -0.003  0.990 -0.002 -0.005 -0.000
       0.003 -0.002  0.992 -0.004  0.002
      -0.000 -0.005 -0.004  0.993  0.000
      -0.006 -0.000  0.002  0.000  0.990
     SPIN  2
     eigenvalues:
       0.681  0.872  0.972  0.990  0.994
     eigenvectors (columns):
       0.498  0.306  0.053  0.709  0.392
       0.579 -0.358  0.575 -0.406  0.203
      -0.000 -0.607 -0.573  0.000  0.551
       0.287 -0.530 -0.091  0.409 -0.679
       0.579  0.358 -0.575 -0.406 -0.203
     occupation matrix ns (before diag.):
       0.903 -0.076  0.023 -0.026 -0.102
      -0.076  0.866 -0.019 -0.073 -0.082
       0.023 -0.019  0.942 -0.040  0.019
      -0.026 -0.073 -0.040  0.933 -0.029
      -0.102 -0.082  0.019 -0.029  0.866
     ------------------------ ATOM    4 ------------------------
     Tr[ns(  4)] (up, down, total) =   4.95785  4.50909  9.46694
     Atomic magnetic moment for atom   4 =   0.44876
     SPIN  1
     eigenvalues:
       0.984  0.984  0.993  0.998  0.998
     eigenvectors (columns):
      -0.542 -0.295 -0.063 -0.399 -0.676
      -0.000  0.538  0.676 -0.504  0.000
      -0.552  0.426 -0.513 -0.234  0.442
       0.313 -0.511 -0.108 -0.691  0.390
      -0.552 -0.426  0.513  0.234  0.442
     occupation matrix ns (before diag.):
       0.993  0.003 -0.003  0.000 -0.006
       0.003  0.992 -0.002  0.004  0.002
      -0.003 -0.002  0.990  0.005 -0.000
       0.000  0.004  0.005  0.993 -0.000
      -0.006  0.002 -0.000 -0.000  0.990
     SPIN  2
     eigenvalues:
       0.681  0.872  0.972  0.990  0.994
     eigenvectors (columns):
       0.498  0.306  0.053  0.709  0.392
       0.000 -0.607 -0.573  0.000  0.551
       0.579 -0.358  0.575 -0.406  0.203
      -0.287  0.530  0.091 -0.409  0.679
       0.579  0.358 -0.575 -0.406 -0.203
     occupation matrix ns (before diag.):
       0.903  0.023 -0.076  0.026 -0.102
       0.023  0.942 -0.019  0.040  0.019
      -0.076 -0.019  0.866  0.073 -0.082
       0.026  0.040  0.073  0.933  0.029
      -0.102  0.019 -0.082  0.029  0.866

     Number of occupied Hubbard levels =   36.7065

     negative rho (up, down):  5.505E-05 1.166E-05

     HUBBARD ENERGY =    0.2313  (Ry)

     total cpu time spent up to now is      716.3 secs

     total energy              =   -1117.87053463 Ry
     estimated scf accuracy    <       0.85340544 Ry

     total magnetization       =     3.74 Bohr mag/cell
     absolute magnetization    =     4.07 Bohr mag/cell

     iteration #  3     ecut=   180.00 Ry     beta= 0.10
     Davidson diagonalization with overlap

---- Real-time Memory Report at c_bands before calling an iterative solver
           923 MiB given to the printing process from OS
             0 MiB allocation reported by mallinfo(arena+hblkhd)
        396158 MiB available memory on the node where the printing process lives
------------------
     ethr =  1.19E-03,  avg # of iterations =  1.0

     =================== HUBBARD OCCUPATIONS ===================
     ------------------------ ATOM    1 ------------------------
     Tr[ns(  1)] (up, down, total) =   4.98549  4.36957  9.35506
     Atomic magnetic moment for atom   1 =   0.61592
     SPIN  1
     eigenvalues:
       0.995  0.995  0.998  0.999  0.999
     eigenvectors (columns):
      -0.541 -0.242 -0.000 -0.368 -0.717
       0.068  0.654  0.577 -0.483 -0.024
       0.533 -0.386  0.577  0.262 -0.406
       0.242 -0.541 -0.000 -0.717  0.368
       0.601  0.268 -0.577 -0.221 -0.430
     occupation matrix ns (before diag.):
       0.998  0.001  0.001  0.000  0.002
       0.001  0.997  0.000  0.002 -0.000
       0.001  0.000  0.997 -0.002 -0.000
       0.000  0.002 -0.002  0.998 -0.000
       0.002 -0.000 -0.000 -0.000  0.997
     SPIN  2
     eigenvalues:
       0.743  0.743  0.958  0.962  0.962
     eigenvectors (columns):
      -0.507 -0.206 -0.000 -0.313 -0.776
       0.094  0.677 -0.577 -0.443 -0.062
       0.539 -0.420 -0.577  0.275 -0.352
       0.206 -0.507  0.000 -0.776  0.313
       0.633  0.257  0.577 -0.167 -0.414
     occupation matrix ns (before diag.):
       0.897  0.041  0.041  0.000  0.082
       0.041  0.859  0.050  0.071 -0.050
       0.041  0.050  0.859 -0.071 -0.050
       0.000  0.071 -0.071  0.897 -0.000
       0.082 -0.050 -0.050 -0.000  0.859
     ------------------------ ATOM    2 ------------------------
     Tr[ns(  2)] (up, down, total) =   4.94127  4.39947  9.34074
     Atomic magnetic moment for atom   2 =   0.54180
     SPIN  1
     eigenvalues:
       0.976  0.977  0.992  0.998  0.998
     eigenvectors (columns):
      -0.000 -0.525 -0.205  0.826  0.000
       0.539 -0.503  0.451 -0.208  0.458
      -0.539 -0.503  0.451 -0.208 -0.458
       0.648 -0.000  0.000  0.000 -0.762
       0.000  0.467  0.742  0.480  0.000
     occupation matrix ns (before diag.):
       0.992 -0.005 -0.005  0.000  0.006
      -0.005  0.985 -0.000 -0.008  0.003
      -0.005 -0.000  0.985  0.008  0.003
       0.000 -0.008  0.008  0.989 -0.000
       0.006  0.003  0.003 -0.000  0.990
     SPIN  2
     eigenvalues:
       0.643  0.821  0.964  0.985  0.986
     eigenvectors (columns):
       0.000 -0.690  0.110  0.000  0.715
      -0.584 -0.286 -0.621 -0.399 -0.181
       0.584 -0.286 -0.621  0.399 -0.181
      -0.564  0.000  0.000  0.826 -0.000
      -0.000  0.600 -0.466  0.000  0.650
     occupation matrix ns (before diag.):
       0.907 -0.031 -0.031  0.000  0.069
      -0.031  0.847  0.095 -0.112  0.022
      -0.031  0.095  0.847  0.112  0.022
       0.000 -0.112  0.112  0.876 -0.000
       0.069  0.022  0.022 -0.000  0.922
     ------------------------ ATOM    3 ------------------------
     Tr[ns(  3)] (up, down, total) =   4.94127  4.39947  9.34074
     Atomic magnetic moment for atom   3 =   0.54180
     SPIN  1
     eigenvalues:
       0.976  0.977  0.992  0.998  0.998
     eigenvectors (columns):
      -0.561 -0.262  0.102  0.413  0.660
      -0.539  0.503  0.451  0.208 -0.458
       0.000  0.467 -0.742  0.480 -0.000
      -0.324  0.454 -0.177 -0.716  0.381
      -0.539 -0.503 -0.451 -0.208 -0.458
     occupation matrix ns (before diag.):
       0.990 -0.004  0.003 -0.001 -0.009
      -0.004  0.985 -0.003 -0.008  0.000
       0.003 -0.003  0.990 -0.005  0.003
      -0.001 -0.008 -0.005  0.991  0.001
      -0.009  0.000  0.003  0.001  0.985
     SPIN  2
     eigenvalues:
       0.643  0.821  0.964  0.985  0.986
     eigenvectors (columns):
       0.489  0.345  0.055  0.715  0.358
       0.584 -0.286  0.621 -0.399  0.181
      -0.000 -0.600 -0.466  0.000  0.650
       0.282 -0.598 -0.095  0.413 -0.619
       0.584  0.286 -0.621 -0.399 -0.181
     occupation matrix ns (before diag.):
       0.884 -0.082  0.035 -0.013 -0.113
      -0.082  0.847 -0.022 -0.083 -0.095
       0.035 -0.022  0.922 -0.060  0.022
      -0.013 -0.083 -0.060  0.899 -0.029
      -0.113 -0.095  0.022 -0.029  0.847
     ------------------------ ATOM    4 ------------------------
     Tr[ns(  4)] (up, down, total) =   4.94127  4.39947  9.34074
     Atomic magnetic moment for atom   4 =   0.54180
     SPIN  1
     eigenvalues:
       0.976  0.977  0.992  0.998  0.998
     eigenvectors (columns):
      -0.561 -0.262  0.102  0.413  0.660
      -0.000  0.467 -0.742  0.480 -0.000
      -0.539  0.503  0.451  0.208 -0.458
       0.324 -0.454  0.177  0.716 -0.381
      -0.539 -0.503 -0.451 -0.208 -0.458
     occupation matrix ns (before diag.):
       0.990  0.003 -0.004  0.001 -0.009
       0.003  0.990 -0.003  0.005  0.003
      -0.004 -0.003  0.985  0.008  0.000
       0.001  0.005  0.008  0.991 -0.001
      -0.009  0.003  0.000 -0.001  0.985
     SPIN  2
     eigenvalues:
       0.643  0.821  0.964  0.985  0.986
     eigenvectors (columns):
       0.489  0.345  0.055  0.715  0.358
       0.000 -0.600 -0.466  0.000  0.650
       0.584 -0.286  0.621 -0.399  0.181
      -0.282  0.598  0.095 -0.413  0.619
       0.584  0.286 -0.621 -0.399 -0.181
     occupation matrix ns (before diag.):
       0.884  0.035 -0.082  0.013 -0.113
       0.035  0.922 -0.022  0.060  0.022
      -0.082 -0.022  0.847  0.083 -0.095
       0.013  0.060  0.083  0.899  0.029
      -0.113  0.022 -0.095  0.029  0.847

     Number of occupied Hubbard levels =   37.3773

     negative rho (up, down):  2.095E-05 2.293E-06

     HUBBARD ENERGY =    0.2106  (Ry)

     total cpu time spent up to now is      806.5 secs

     total energy              =   -1117.95251154 Ry
     estimated scf accuracy    <       0.80290822 Ry

     total magnetization       =     2.35 Bohr mag/cell
     absolute magnetization    =     3.09 Bohr mag/cell

     iteration #  4     ecut=   180.00 Ry     beta= 0.10
     Davidson diagonalization with overlap

---- Real-time Memory Report at c_bands before calling an iterative solver
           939 MiB given to the printing process from OS
             0 MiB allocation reported by mallinfo(arena+hblkhd)
        393601 MiB available memory on the node where the printing process lives
------------------
     ethr =  1.12E-03,  avg # of iterations =  2.0

     =================== HUBBARD OCCUPATIONS ===================
     ------------------------ ATOM    1 ------------------------
     Tr[ns(  1)] (up, down, total) =   4.93252  0.52474  5.45725
     Atomic magnetic moment for atom   1 =   4.40778
     SPIN  1
     eigenvalues:
       0.984  0.984  0.985  0.990  0.990
     eigenvectors (columns):
      -0.503  0.217  0.000 -0.276  0.790
       0.079 -0.678 -0.577 -0.440  0.083
       0.548  0.408 -0.577  0.292  0.339
       0.217  0.503 -0.000 -0.790 -0.276
       0.627 -0.270  0.577 -0.148  0.423
     occupation matrix ns (before diag.):
       0.988  0.001  0.001  0.000  0.002
       0.001  0.985 -0.000  0.002  0.000
       0.001 -0.000  0.985 -0.002  0.000
       0.000  0.002 -0.002  0.988 -0.000
       0.002  0.000  0.000 -0.000  0.985
     SPIN  2
     eigenvalues:
       0.068  0.068  0.127  0.131  0.131
     eigenvectors (columns):
       0.493  0.639  0.000  0.552  0.210
       0.478 -0.064  0.577 -0.106 -0.650
      -0.183  0.446  0.577 -0.510  0.417
       0.639 -0.493 -0.000 -0.210  0.552
       0.295  0.382 -0.577 -0.616 -0.234
     occupation matrix ns (before diag.):
       0.090 -0.012 -0.012  0.000 -0.024
      -0.012  0.115  0.006 -0.021 -0.006
      -0.012  0.006  0.115  0.021 -0.006
       0.000 -0.021  0.021  0.090 -0.000
      -0.024 -0.006 -0.006 -0.000  0.115
     ------------------------ ATOM    2 ------------------------
     Tr[ns(  2)] (up, down, total) =   4.97733  4.78686  9.76420
     Atomic magnetic moment for atom   2 =   0.19047
     SPIN  1
     eigenvalues:
       0.991  0.995  0.996  0.998  0.998
     eigenvectors (columns):
      -0.520 -0.000 -0.007  0.854 -0.000
      -0.354 -0.543  0.575 -0.211 -0.453
      -0.354  0.543  0.575 -0.211  0.453
       0.000 -0.640 -0.000  0.000  0.768
       0.692 -0.000  0.582  0.426 -0.000
     occupation matrix ns (before diag.):
       0.996 -0.001 -0.001  0.000  0.003
      -0.001  0.995 -0.001 -0.001  0.001
      -0.001 -0.001  0.995  0.001  0.001
       0.000 -0.001  0.001  0.997 -0.000
       0.003  0.001  0.001 -0.000  0.994
     SPIN  2
     eigenvalues:
       0.895  0.930  0.981  0.988  0.993
     eigenvectors (columns):
       0.000  0.483 -0.278  0.000  0.831
      -0.566  0.419  0.567 -0.424 -0.054
       0.566  0.419  0.567  0.424 -0.054
      -0.599 -0.000  0.000  0.801 -0.000
      -0.000 -0.645  0.529  0.000  0.552
     occupation matrix ns (before diag.):
       0.977 -0.011 -0.011  0.000  0.022
      -0.011  0.946  0.017 -0.032  0.014
      -0.011  0.017  0.946  0.032  0.014
       0.000 -0.032  0.032  0.955 -0.000
       0.022  0.014  0.014 -0.000  0.963
     ------------------------ ATOM    3 ------------------------
     Tr[ns(  3)] (up, down, total) =   4.97733  4.78686  9.76420
     Atomic magnetic moment for atom   3 =   0.19047
     SPIN  1
     eigenvalues:
       0.991  0.995  0.996  0.998  0.998
     eigenvectors (columns):
       0.260  0.555  0.003 -0.427 -0.665
      -0.354  0.543  0.575 -0.211  0.453
      -0.692 -0.000 -0.582 -0.426  0.000
      -0.451  0.320 -0.006  0.740 -0.384
       0.354  0.543 -0.575  0.211  0.453
     occupation matrix ns (before diag.):
       0.997 -0.000  0.001  0.000 -0.002
      -0.000  0.995 -0.001 -0.002  0.001
       0.001 -0.001  0.994 -0.002  0.001
       0.000 -0.002 -0.002  0.996  0.001
      -0.002  0.001  0.001  0.001  0.995
     SPIN  2
     eigenvalues:
       0.895  0.930  0.981  0.988  0.993
     eigenvectors (columns):
       0.519  0.241  0.139  0.693  0.415
       0.566 -0.419  0.567 -0.424  0.054
      -0.000 -0.645 -0.529  0.000  0.552
       0.300 -0.418 -0.241  0.400 -0.719
       0.566  0.419 -0.567 -0.424 -0.054
     occupation matrix ns (before diag.):
       0.960 -0.022  0.011 -0.010 -0.033
      -0.022  0.946 -0.014 -0.025 -0.017
       0.011 -0.014  0.963 -0.019  0.014
      -0.010 -0.025 -0.019  0.972 -0.006
      -0.033 -0.017  0.014 -0.006  0.946
     ------------------------ ATOM    4 ------------------------
     Tr[ns(  4)] (up, down, total) =   4.97733  4.78686  9.76420
     Atomic magnetic moment for atom   4 =   0.19047
     SPIN  1
     eigenvalues:
       0.991  0.995  0.996  0.998  0.998
     eigenvectors (columns):
       0.260  0.555  0.003 -0.427 -0.665
      -0.692 -0.000 -0.582 -0.426  0.000
      -0.354  0.543  0.575 -0.211  0.453
       0.451 -0.320  0.006 -0.740  0.384
       0.354  0.543 -0.575  0.211  0.453
     occupation matrix ns (before diag.):
       0.997  0.001 -0.000 -0.000 -0.002
       0.001  0.994 -0.001  0.002  0.001
      -0.000 -0.001  0.995  0.002  0.001
      -0.000  0.002  0.002  0.996 -0.001
      -0.002  0.001  0.001 -0.001  0.995
     SPIN  2
     eigenvalues:
       0.895  0.930  0.981  0.988  0.993
     eigenvectors (columns):
       0.519  0.241  0.139  0.693  0.415
       0.000 -0.645 -0.529  0.000  0.552
       0.566 -0.419  0.567 -0.424  0.054
      -0.300  0.418  0.241 -0.400  0.719
       0.566  0.419 -0.567 -0.424 -0.054
     occupation matrix ns (before diag.):
       0.960  0.011 -0.022  0.010 -0.033
       0.011  0.963 -0.014  0.019  0.014
      -0.022 -0.014  0.946  0.025 -0.017
       0.010  0.019  0.025  0.972  0.006
      -0.033  0.014 -0.017  0.006  0.946

     Number of occupied Hubbard levels =   34.7498

     negative rho (up, down):  1.768E-05 2.186E-06

     HUBBARD ENERGY =    0.2100  (Ry)

     total cpu time spent up to now is      908.3 secs

     total energy              =   -1117.82597462 Ry
     estimated scf accuracy    <       9.49068671 Ry

